3.376707916984633684e-02 1.797183865945854893e-03 1.346335775543317220e-03 1.027428578014735836e-03 5.414959766804642791e-04 4.779610096769353056e-04 3.315257859077391095e-04 2.326526500966207900e-04 2.090477168911323875e-04 1.470500684732954709e-04 1.139149845369709320e-04 1.167899994727878132e-04 7.703911385313142314e-05 7.180264515317445566e-05 6.319642560135806651e-05 8.025869418014410232e-05 5.164545068426291041e-05 5.255787008151819163e-05 4.727847275090694718e-05 6.017546345640968918e-05 7.893644633482988567e-05 8.270710210063405166e-05 5.703877331107774871e-05 5.498250766398105342e-05 4.722058330271040530e-05 4.941124677233512893e-05 4.980566949030956677e-05 4.437142229563001650e-05 2.866437858166713973e-05 2.279120128033970509e-05 1.579958363405620320e-05 4.632689379646452406e-06 1.142187117318379959e-05 1.056832457371694921e-05 6.868217000160359845e-06 5.584416124667947202e-06 1.015680581976965642e-05 1.803332657642972908e-05 1.579454583941039179e-05 1.738917068196529499e-05 1.778409418997845657e-05 2.137925872003571407e-05 1.432696566106498104e-05 1.571629362379972281e-05 1.963767108694787516e-05 2.567390894401761002e-05 2.884958808321366148e-05 2.606020186722903608e-05 2.466307253223485441e-05 2.332337971274625154e-05 2.138929699107761968e-05 2.297140653093134551e-05 1.725344489970071413e-05 1.677587551273038282e-05 1.934445824562199332e-05 7.526881181424439859e-06 1.555566361708580914e-05 1.198551513179933123e-05 9.690180943678409863e-06 1.256553762363112765e-05 6.216123314288620709e-06 9.949315693212250194e-07 5.518814994093020702e-06 6.753164040517913200e-06 4.147196352516367564e-06 7.756693858905608824e-06 6.865831807326557725e-06 1.513524356476287811e-05 1.471944378611617847e-05 1.907591624287682651e-05 2.297624953310057789e-05 2.078203924473234711e-05 1.542752607064242114e-05 1.279319235337119638e-05 1.094795979270260778e-05 2.211918241688281043e-05 2.169197717868498709e-05 1.573390429320834855e-05 1.924007363205935148e-05 1.420660537067121375e-05 1.787800320305018125e-05 1.690303055503454685e-05 1.963080473864934835e-05 1.802108041397005445e-05 1.712555776372092433e-05 2.209038985232026687e-05 1.383095077743762875e-05 1.853231126685290077e-05 1.674292582600280337e-05 1.248481790809230080e-05 1.245904372227791283e-05 8.403950306206651761e-06 1.082717696388375251e-05 8.877465971602418765e-06 1.018813623227885855e-05 6.864730034278424811e-06 4.004457035496475283e-06 8.631592942821516602e-06 6.496601251690767404e-06 3.074433388658911314e-06
1.797183865945854893e-03 5.863028868392251500e-03 1.284687436799719727e-03 8.536712903239581990e-04 5.632471753721939901e-04 4.274340514705013915e-04 3.057313287846630191e-04 2.399026336785520762e-04 2.248498046914978446e-04 1.689849712745318110e-04 1.324907165641563730e-04 1.296194692467914685e-04 9.724376659852199752e-05 9.923482141779618715e-05 9.219769713025160887e-05 7.062047102019218113e-05 7.937478917832170707e-05 7.173576711375182369e-05 6.900176776286115249e-05 6.673775383179115996e-05 6.890222518684739844e-05 5.430372139520658333e-05 4.834575993887797149e-05 5.244248325224187661e-05 4.489467366478109141e-05 3.928977801708192130e-05 3.935185423849798880e-05 3.958200690330233314e-05 3.023577811024860486e-05 3.452690283874656812e-05 3.176021425140162125e-05 2.805860513272252730e-05 2.506169100402708228e-05 2.564120859636915187e-05 2.466297563354272708e-05 2.441473203192060881e-05 2.328999243745769784e-05 2.000417610737956106e-05 1.688638006031640651e-05 1.492834022450531538e-05 8.625036305088299257e-06 1.156358862523610731e-05 4.968538862260006605e-06 2.998054533352476100e-06 6.037412349878993836e-06 6.565993132736904662e-06 6.739542192308969846e-06 7.702283580592849454e-06 8.351525132647314123e-06 1.217482085767492395e-05 1.141494023045607663e-05 1.271697821809957120e-05 8.176714237226727716e-06 8.341331422468808098e-06 8.162984206069394988e-06 6.746557132188003888e-06 3.375309058926311563e-06 5.307572045364385037e-06 4.616406168094592298e-06 5.798077858283540422e-06 4.760355207075780672e-06 5.467021883299294217e-06 2.240262834533012033e-06 6.350235156854971170e-06 5.010291399335761266e-06 8.663959715704049608e-06 6.085872899818845055e-06 6.776208128669673849e-06 3.917820718029747773e-06 4.820516851659922609e-06 3.185089924314801155e-06 6.610503972272275428e-06 5.559287751489854831e-06 4.237097470691972539e-06 2.625075067395668516e-06 2.371635425415939712e-06 4.456519357497370800e-07 2.589875526368727759e-06 2.806579441526326593e-06 1.052227336248577400e-06 2.546530710254688310e-06 2.267272656218847690e-06 3.957640684789770774e-06 3.390127711738106831e-06 2.474990975456340270e-06 4.286914559043968175e-06 3.557118007194348740e-06 4.471616143361166696e-06 2.653534744688552575e-06 2.657950593117616488e-06 1.969435880044305192e-06 3.024120896667362831e-06 1.613071669227594256e-06 1.778754367100671747e-06 -7.323253757563233404e-08 5.233071128405184480e-09 -2.608905902514943771e-07 2.138926733691108856e-06 1.040811016835011849e-06 1.879097533325320297e-08
1.346335775543317220e-03 1.284687436799719727e-03 1.996576584306865385e-03 7.309473278651074796e-04 5.166458185949106448e-04 3.724706643309509983e-04 2.810303551563140645e-04 2.313000316043926983e-04 2.164325984122376673e-04 1.614334783483883766e-04 1.488383658916601644e-04 1.263433328068204930e-04 1.062087789151556789e-04 1.058731339790218678e-04 9.409193393754651167e-05 8.416709885722027055e-05 7.204420757402372815e-05 6.866082222493726157e-05 6.180031417177970826e-05 5.433685512182565377e-05 5.741241923787648898e-05 4.948383921180701453e-05 4.334647837895798248e-05 4.183077658499144018e-05 4.027439566794489470e-05 3.646487267858160823e-05 3.384147219428952522e-05 3.090032459607825258e-05 3.121198830199809718e-05 2.772452863385585422e-05 2.579556685903817677e-05 2.374995572172178667e-05 2.369267753730390982e-05 2.210075207840657606e-05 1.887499951726177592e-05 1.700088779900677503e-05 1.921320367482951514e-05 1.506119164639534445e-05 1.326283951375973939e-05 1.356377400319979843e-05 1.145087440357931498e-05 8.049405651224393241e-06 7.257686593465909576e-06 7.285393302648187944e-06 7.767252270483964154e-06 5.691548754073196445e-06 8.126105869079920961e-06 7.250777183602797799e-06 8.419164958277267709e-06 7.710820163069328288e-06 7.908420223266029908e-06 9.267362631131546822e-06 7.851154529197394266e-06 5.690819929200357578e-06 7.327927135301034275e-06 5.997238825244950559e-06 4.146195257346442673e-06 2.993217673746975950e-06 3.550652273246557878e-06 3.047827640180068786e-06 2.546003962650827116e-06 8.140206391265222324e-07 7.044270488475648317e-07 3.823953721176078123e-06 2.604537183108189930e-06 3.123817690679652951e-06 7.974879125810024233e-07 2.011953424856794148e-06 1.227370133163988190e-06 1.213186098144215042e-06 2.617961269716142397e-06 2.509944764077464615e-06 2.741846583491939633e-06 1.572879517247743513e-06 4.845348554602612864e-07 1.188043632322983810e-06 1.582828974200215484e-06 2.107562996740778986e-06 2.441285955770338994e-06 1.554558189530387216e-06 2.258273991555526806e-06 1.137583870496125894e-06 1.946188888394642843e-06 2.151957364833962621e-06 2.225076799118101273e-06 2.418880980418941516e-06 1.602887130288363943e-06 1.484927444876962845e-06 1.717349741996992688e-06 1.023229163930639777e-06 3.862711347615955543e-07 3.674733296745930799e-07 -3.091027032449144877e-07 -8.091852171823385284e-07 -1.026844606199707666e-07 -1.228200197530827633e-06 -1.631173679964321671e-06 -5.503784716885513835e-08 -1.819513912686177971e-06 -1.688821444910627865e-06
1.027428578014735836e-03 8.536712903239581990e-04 7.309473278651074796e-04 8.637334603829249172e-04 4.001912904793879840e-04 2.852869048483774785e-04 2.275716307280147997e-04 1.825347674899868581e-04 1.597600282049686088e-04 1.268036169960569056e-04 1.069875859373957275e-04 9.696618046213107127e-05 8.200528051684674233e-05 7.933501875191913762e-05 6.986920040277856442e-05 6.234795562227380870e-05 5.518527224750068775e-05 5.306066443303022562e-05 5.014638366972452805e-05 4.427570227907003331e-05 4.248533440207247691e-05 4.135710329229242083e-05 3.452590126394482130e-05 3.358225294725499080e-05 2.921244984845188235e-05 2.522321117082472870e-05 2.371487940565995670e-05 2.356495329134384009e-05 1.957271688826657915e-05 2.040425233708883241e-05 1.769666804602605117e-05 1.446222988126628479e-05 1.598038554929555639e-05 1.385036666856082410e-05 1.270112863683245757e-05 1.106825672819228339e-05 1.088351138588817182e-05 8.311762510791163860e-06 7.678799121188250272e-06 6.911241127113339577e-06 3.863688642995905811e-06 4.661310782725768421e-06 5.366252257124090864e-06 5.899707372570207845e-06 5.942800029135719331e-06 4.787298709035291808e-06 5.998689173675975763e-06 5.548009521608445144e-06 5.943078373345818258e-06 6.207812279547362280e-06 4.670065898994903874e-06 5.964437780541498268e-06 3.769194438011259393e-06 4.002133852106588675e-06 3.405298823112123338e-06 3.351764463562492750e-06 1.180466307420879269e-06 1.619602147857087840e-06 2.149925722044966731e-06 2.752668650161238563e-06 1.905437721505402470e-06 2.145326835015850594e-06 2.418324137869296352e-06 4.191452377625495670e-06 3.524222778725099915e-06 3.670729985090040972e-06 2.598184513124341050e-06 3.956662829591419904e-06 3.061509926182395885e-06 3.389312168165465328e-06 3.795811392452367230e-06 3.780811885591886394e-06 3.023115527319010404e-06 2.183535771796597841e-06 1.753263518956104553e-06 1.921718508031122498e-06 1.826703024063134213e-06 2.703667099249431113e-06 2.164931040488039378e-06 2.092782880437850648e-06 2.147205722279990725e-06 1.524316431480658538e-06 2.419784746846516301e-06 1.836392735154624716e-06 1.701520759539534529e-06 2.863836282996059196e-06 1.649532612059715796e-06 1.705182390373872575e-06 1.187093647688463898e-06 1.349263598561849900e-06 1.347394967192906740e-06 8.245565716661057785e-07 9.707063879722753029e-07 6.047365130961165385e-07 8.786255939692922286e-07 4.593039473054913404e-07 3.760247780025250276e-07 1.361699245544828041e-06 1.199977329362146582e-06 5.760441714185178192e-07
5.414959766804642791e-04 5.632471753721939901e-04 5.166458185949106448e-04 4.001912904793879840e-04 4.746848904025401214e-04 2.485167374422113580e-04 1.976528511794936800e-04 1.550060418525801712e-04 1.307900475886924943e-04 1.048310654590766083e-04 8.933325394155621217e-05 7.641806756482520733e-05 6.763449257887945581e-05 6.649793582978147616e-05 5.966424196517100672e-05 5.400056014790270302e-05 4.585289459478100575e-05 4.338275313117250360e-05 3.809810083680932092e-05 3.537236539763883572e-05 3.397854210009852672e-05 3.052574354695532612e-05 2.498535005930763378e-05 2.612146588386353031e-05 2.322699674319509907e-05 2.034598454664113634e-05 2.099953555384157295e-05 1.844890277435329637e-05 1.782273563862313032e-05 1.595472432596262578e-05 1.432367111046180426e-05 1.445787892556154027e-05 1.269866330599217315e-05 1.179584898344884458e-05 1.075953338976509517e-05 9.824015627525519912e-06 8.944080433620224746e-06 7.824306970049668604e-06 6.249086880859457088e-06 6.163930083152647555e-06 4.773499981545689911e-06 5.372591741101590198e-06 4.328139587837646804e-06 4.778506562943463361e-06 4.453658116362073048e-06 5.462577596723939211e-06 5.391835954384407658e-06 4.883172672890119894e-06 4.889961704779927372e-06 4.771774009770155228e-06 4.924547702643929333e-06 5.130569264518521330e-06 3.798733764282035103e-06 4.353238420476598462e-06 4.473298818874263959e-06 4.281735080329985618e-06 3.050176772177911280e-06 2.230605688958493764e-06 2.344153469168762018e-06 2.915424900899993871e-06 2.649885790487421028e-06 2.733937177910225693e-06 2.116955974560830658e-06 3.361832835193299207e-06 2.681605259862196528e-06 2.286455433834645148e-06 1.933862709721177788e-06 1.829498973516803598e-06 1.217715272718375766e-06 1.621071459556065637e-06 1.511376747633728111e-06 1.678624951855189337e-06 1.135667473663662433e-06 -3.977695071283145390e-07 -1.137089127688344960e-07 -3.589063325536498754e-08 -2.505826562512758285e-07 4.535093060175975988e-07 -3.507771481964151871e-07 3.606647627240981893e-08 2.546326817680564244e-07 -3.056791399732660772e-07 -4.730421394828065131e-08 -2.553534117686768995e-07 -2.024449531723577834e-07 2.026134594282713062e-07 -3.838905029953075466e-07 -4.106330203766740311e-07 -4.439623243399521993e-07 -7.082979463393862199e-07 -2.678086280588939494e-07 -4.773531146924391008e-07 -6.174804677561403771e-07 -3.694079061586169230e-07 -1.222671848347963367e-07 -5.870326174907365849e-07 -5.865324392666983340e-07 -3.327056843782307372e-07 -2.396911954179548997e-07 -4.734254995401457266e-08
4.779610096769353056e-04 4.274340514705013915e-04 3.724706643309509983e-04 2.852869048483774785e-04 2.485167374422113580e-04 2.940164329157497693e-04 1.699143956010100529e-04 1.361836403915609676e-04 1.161375120808479431e-04 9.397221804918549275e-05 7.881494121520394181e-05 6.837294668531699996e-05 5.866695048492409474e-05 5.566292212006781353e-05 5.200820129078437515e-05 4.503101180623496135e-05 3.905339775735483792e-05 3.752774283909626014e-05 3.508120460461045393e-05 3.228301896189421139e-05 2.958385223150542946e-05 2.874562208538694675e-05 2.367702782216420663e-05 2.368174947278858480e-05 2.254271392721540258e-05 1.913791842941927116e-05 1.821206110399186596e-05 1.771419490336872995e-05 1.466706224126026048e-05 1.343149018634440512e-05 1.239069360312801844e-05 1.126467860871668752e-05 9.837612273557406545e-06 9.373238939549694953e-06 8.578685819539437206e-06 8.272284401881534332e-06 7.773178616530772764e-06 6.230298146799350215e-06 5.518660561836969106e-06 4.247146060090468378e-06 3.839875235198066290e-06 4.445461562841665457e-06 4.146345138017996545e-06 3.994175886075261208e-06 3.449218060476351234e-06 3.376187908998395763e-06 3.251810444944900532e-06 3.342656910404628019e-06 2.943748796192151812e-06 2.909410938736906506e-06 2.441504476062838386e-06 2.373297641611247372e-06 1.792590356460112063e-06 2.190731570945467924e-06 2.759574056328756915e-06 1.890252371671832917e-06 1.219157609299838627e-06 8.068807349661094200e-07 2.950200743501701515e-07 5.081959298921970753e-07 1.038691099953832640e-07 2.520947034356225231e-07 -1.136710898337318213e-07 9.428669278540430927e-07 8.172310924773386514e-07 4.882467161563227824e-07 -1.229903396839948449e-08 4.460855651645980879e-07 9.670309552721073964e-08 2.493309553731068363e-07 2.356604103517685865e-07 5.947898410983718653e-07 2.954374474313341185e-07 -3.645502606977515517e-07 -5.386731553186262152e-07 -6.029740707037722259e-08 -9.960407109030721428e-08 -5.387625606435843786e-07 -2.061385160662198530e-07 -1.131865556856232721e-08 1.922152760695498220e-07 -1.444335623224062111e-07 3.406530031602515504e-07 9.863518600764285358e-08 8.157705766970268038e-08 2.353294469021990176e-07 1.267705484299012150e-07 -7.739858646217222256e-08 -1.262702724248969644e-07 2.886272385072333033e-08 4.201796388839434716e-07 5.281774069830458673e-07 1.386382401329112460e-07 5.665022333900812750e-07 6.013733561659992824e-07 2.000137570052574000e-07 1.477092616985354288e-07 4.687019568883617060e-07 3.105400661149201905e-07 4.606836579059330749e-07
3.315257859077391095e-04 3.057313287846630191e-04 2.810303551563140645e-04 2.275716307280147997e-04 1.976528511794936800e-04 1.699143956010100529e-04 1.974152276831159247e-04 1.196225374142053418e-04 1.015361891621632400e-04 7.966358489204806970e-05 6.985201627679644715e-05 6.164697111402246113e-05 5.057582590610282903e-05 4.661413364352791664e-05 4.339887637065452619e-05 3.782567385656124005e-05 3.427983250790190488e-05 3.229238884404890764e-05 2.952757315078172862e-05 2.724500289297316117e-05 2.575742507424991557e-05 2.382640646885288469e-05 2.060453299380331967e-05 1.938883423468180738e-05 1.879085105496800244e-05 1.704844727059173537e-05 1.568791915102219468e-05 1.521657883474220353e-05 1.397731743829195609e-05 1.176620277768730827e-05 1.147391735724105681e-05 9.999540560155762052e-06 9.703820793451255631e-06 8.823698535095643770e-06 7.885318984661426810e-06 7.076520093384556208e-06 6.148913084128287519e-06 5.481322662710916213e-06 5.178303955910055680e-06 4.836781505486731539e-06 4.065532503456085880e-06 3.802808406883522741e-06 3.426264724423383979e-06 3.817609433318072206e-06 3.341691249937036166e-06 3.496251535832629939e-06 3.236757124060282465e-06 2.990628981914076236e-06 2.692568180387420209e-06 3.276706682053495423e-06 2.795336876656184234e-06 3.345356282926430639e-06 2.525916665123536819e-06 3.076319461718055093e-06 3.223101899990514302e-06 3.001537007992035741e-06 2.311671932144425120e-06 1.872614661646712201e-06 1.372477529726247004e-06 1.499254114658527435e-06 1.630004337291169502e-06 1.613416684463689810e-06 1.274125770266282697e-06 1.538972525630637599e-06 1.571836397121975211e-06 1.357573226346180038e-06 1.043041005259180853e-06 1.321040766662763896e-06 9.246243001062846996e-07 1.136309263046248067e-06 1.170065539402628494e-06 1.175978679087069586e-06 7.107434455067663392e-07 4.274966234655382698e-07 1.938772576498386632e-07 2.005624378802037798e-07 3.227806571110212802e-07 2.992502147316916287e-08 3.490267498651569198e-07 3.416816367432426436e-07 5.586991620692453381e-07 3.790231016077621681e-07 6.352893638007828689e-07 8.131630880539758398e-07 6.195098699786659647e-07 6.433163291671691425e-07 5.874280846789990785e-07 4.950205673566648089e-07 3.188022516079163226e-07 4.795628321126963476e-07 7.398777661387235896e-07 4.586497761744297882e-07 1.686069490922452720e-07 3.540859775896571499e-07 3.867034658293240935e-07 1.394004380917388743e-07 1.395354952823193709e-07 2.069609900211307055e-07 2.408676841730832701e-07 -2.098199574415794760e-08
2.326526500966207900e-04 2.399026336785520762e-04 2.313000316043926983e-04 1.825347674899868581e-04 1.550060418525801712e-04 1.361836403915609676e-04 1.196225374142053418e-04 1.416824967463340519e-04 9.258307341584696038e-05 7.386368523892166988e-05 6.400763013935239912e-05 5.578250475490477271e-05 4.637829373921840292e-05 4.347601695458392463e-05 3.962297167531610316e-05 3.455600628836666356e-05 3.093695299225522220e-05 2.930634452429706487e-05 2.667057210604457289e-05 2.402880541310348060e-05 2.215771498524485614e-05 2.176862870436541275e-05 1.798023247661067591e-05 1.745439039878161344e-05 1.637747189518128931e-05 1.412121841350168511e-05 1.345382010093037200e-05 1.278201106691255930e-05 1.139924889656606235e-05 1.048208165977085127e-05 9.587936972840997837e-06 8.804576139662898467e-06 7.690334511926450142e-06 7.004883608561908410e-06 5.856762238094291715e-06 6.015646217980005148e-06 5.633656647301357299e-06 4.085174170639914311e-06 3.789000061407955807e-06 3.312569303595131683e-06 2.914332374022471897e-06 3.070114264557016612e-06 2.902430495467676668e-06 2.695866165974408780e-06 2.074759583783024839e-06 2.268515627855561728e-06 2.148262233317732165e-06 2.145846048183117960e-06 2.108385651357347261e-06 1.867925629600720264e-06 1.416186810201831752e-06 1.804317383894838305e-06 1.549284193038073367e-06 1.763201387952745797e-06 1.595501938051593044e-06 1.840863815511882924e-06 1.329150879909785515e-06 7.063364714423751003e-07 8.649141453506783452e-07 9.800712671270479582e-07 1.050722622303313032e-06 8.172648384312468413e-07 6.036120366240478880e-07 1.090188858171095133e-06 1.175113134716364118e-06 8.231110254468492427e-07 7.704711640406765109e-07 8.546475939762125625e-07 5.137682480688975257e-07 8.217410224415162942e-07 5.450118069790549116e-07 7.840312935642690423e-07 4.969492591139356972e-07 1.708626536036756414e-07 8.181453971212602332e-09 7.275435559694706004e-08 7.724234424512490431e-08 1.007393825941820409e-07 3.908269483610665406e-07 5.271014185432099156e-07 5.095935830697787592e-07 4.094876956738448313e-07 4.173310538880144661e-07 5.179318746918775298e-07 2.720525602506831326e-07 4.885589189794499466e-07 3.383191167302731587e-07 3.324655865763925147e-07 4.195178202095664005e-07 2.828751006668970070e-07 4.054354568118115606e-07 -1.029524543686150341e-08 -4.268703807582900586e-08 7.264475711663916815e-08 1.372175170191902194e-07 -6.630355667609717225e-08 -2.689618840637697748e-07 -2.622970756960329034e-07 -1.904647599506575331e-07 -3.012147667981344887e-07
2.090477168911323875e-04 2.248498046914978446e-04 2.164325984122376673e-04 1.597600282049686088e-04 1.307900475886924943e-04 1.161375120808479431e-04 1.015361891621632400e-04 9.258307341584696038e-05 1.121428065967367742e-04 7.093669388245748685e-05 6.541499747249997709e-05 5.520121399379851359e-05 4.465957518807091309e-05 4.060643394231882935e-05 3.801143433823617293e-05 3.356000830048248411e-05 3.055211021769349404e-05 2.865586032658467108e-05 2.534977676676300278e-05 2.313109771588279192e-05 2.246479009518688067e-05 2.052374818344212461e-05 1.808125966626140200e-05 1.683741628594882559e-05 1.616154771628539510e-05 1.407401447059502331e-05 1.371354624698181486e-05 1.299830553528777265e-05 1.130674890289321258e-05 1.040349822042602910e-05 9.720271314617890890e-06 8.216263225389820987e-06 7.649217052215269175e-06 7.685967462272037866e-06 7.043456769220091109e-06 6.319132887480455467e-06 5.748412385083665068e-06 4.664409749947810676e-06 4.087640438032103383e-06 3.885034175964267448e-06 3.539837305717908793e-06 3.621449204973940443e-06 3.432706481224891778e-06 3.254240211322631858e-06 2.767314534440052838e-06 2.805051500721691423e-06 2.700336447488724856e-06 2.651931903208099662e-06 2.608655819055140192e-06 2.256893460523178303e-06 1.660603987176840988e-06 1.822300845624269106e-06 1.659982346846964449e-06 2.001479761346407656e-06 1.667545596257519336e-06 1.736766773362949277e-06 1.169361608667700448e-06 8.925656561195937163e-07 9.258105756905292350e-07 1.208078927695700798e-06 5.693285139537856568e-07 5.046155811595864988e-07 4.365938127610753867e-07 9.543168639388739645e-07 7.758145120615674027e-07 2.712061614452555230e-07 2.209735056475553994e-07 3.472440148742742483e-07 1.215487144046403644e-07 1.032505009622940031e-07 2.246087311924912813e-07 2.248554916520728744e-07 1.272629443504256050e-07 1.716916459216744591e-08 -2.044916941117820156e-07 -1.681676742713475963e-07 2.946862151195606939e-08 6.090288259467101640e-08 2.057812156919260414e-07 1.744867893599006679e-07 2.234800881530820824e-07 1.940055247390365814e-07 2.197422447307669235e-07 2.115012588183290573e-07 -7.689687079062997146e-08 6.268226242947144863e-08 5.551546493541207395e-08 5.660671182980864720e-08 -1.119362632633061656e-07 4.486766600117904627e-09 3.221977307808914904e-08 -3.058942750445856349e-07 -3.107109303560850737e-07 -8.595999107133024978e-08 -1.604637633815266026e-07 -3.570787215267803095e-07 -2.131828777294129606e-07 -3.528260093911455663e-07 -1.942765366616506257e-07 -2.447535479578330296e-07
1.470500684732954709e-04 1.689849712745318110e-04 1.614334783483883766e-04 1.268036169960569056e-04 1.048310654590766083e-04 9.397221804918549275e-05 7.966358489204806970e-05 7.386368523892166988e-05 7.093669388245748685e-05 8.025616996716916261e-05 5.733529107350106220e-05 4.928663422917550736e-05 4.247226725683042489e-05 3.900600048328261584e-05 3.515025817674658360e-05 3.142538513314266748e-05 2.879689730647370203e-05 2.749221096607705982e-05 2.500610108337152218e-05 2.353939318106659546e-05 2.103775702843877488e-05 1.935439077898701440e-05 1.734826593470935354e-05 1.649449393072598602e-05 1.592432063227238931e-05 1.426749123371949948e-05 1.318832882098424503e-05 1.234543673301568593e-05 1.120643292224457967e-05 1.015775162670931390e-05 9.258063310253752888e-06 8.176955835291661189e-06 7.594091467091535803e-06 7.573546948549832000e-06 6.644948623852078288e-06 6.191085468646229510e-06 5.867867668025778811e-06 4.833004475237069665e-06 4.433261788018261456e-06 3.728097530877732040e-06 3.471637976693255856e-06 3.543131159230431567e-06 3.091205813022053306e-06 3.166855511292660675e-06 2.469643559123264229e-06 2.730481914477559065e-06 2.315829951642983385e-06 2.418654021639374982e-06 2.351008516417456373e-06 2.341743366077038849e-06 1.970879524424013150e-06 1.862392284419500389e-06 2.109926769999899022e-06 1.831768207570120253e-06 1.754596428223222048e-06 1.609939516263515570e-06 1.350202748648712699e-06 1.141241125259670628e-06 7.835030740183631732e-07 1.047191668215565184e-06 7.216165161500913665e-07 8.198906690327826200e-07 8.402314298690069897e-07 1.104519301701186578e-06 9.085510861096673557e-07 7.566783697881910338e-07 6.448932041178133645e-07 6.801577168009244940e-07 3.953683433545765122e-07 6.516845665842249504e-07 6.776772177402461606e-07 6.568659352043946646e-07 6.895755206731696536e-07 2.151370527489541878e-07 1.479322382520156421e-07 1.768423968536691031e-07 3.141527955933287570e-07 2.579571333080973201e-07 4.137564669321241953e-07 4.913357376953408860e-07 4.306875796359244970e-07 4.935564502249529128e-07 5.717326337015787229e-07 5.714630553477746561e-07 2.908196285625932286e-07 3.038443201839771976e-07 3.866657847661594725e-07 3.312960946148897783e-07 3.112307033096358294e-07 3.834213585594331581e-07 3.944066487540998932e-07 2.525044187026773605e-07 2.315041504022505413e-07 4.368319933925548300e-07 2.889454752559627689e-07 2.731072760499863328e-07 2.029879686314155562e-07 1.157595501596505776e-07 1.309661298265822113e-07 1.077168810146468303e-07
1.139149845369709320e-04 1.324907165641563730e-04 1.488383658916601644e-04 1.069875859373957275e-04 8.933325394155621217e-05 7.881494121520394181e-05 6.985201627679644715e-05 6.400763013935239912e-05 6.541499747249997709e-05 5.733529107350106220e-05 7.098735622775885555e-05 4.962676248522142114e-05 4.243440059881897633e-05 3.763899246650261786e-05 3.489681229754322702e-05 3.011458641694176290e-05 2.734891323334930372e-05 2.640336877349872159e-05 2.320623879159452104e-05 2.135702295706455575e-05 2.033245131263259145e-05 1.829116052250894911e-05 1.682501301730617187e-05 1.472591037236034544e-05 1.485992575717289717e-05 1.318012248429145647e-05 1.220952948587426492e-05 1.165468963346716786e-05 9.920951116159311319e-06 9.151563285781556754e-06 8.595149074111800742e-06 8.001601984218859940e-06 7.446751559886116469e-06 7.396418326879424138e-06 6.477598122102866432e-06 6.321070411187267819e-06 5.819408369409313321e-06 4.834171209015929600e-06 4.864893082311990079e-06 4.073176078921388109e-06 3.847528994678906165e-06 3.916676472602865864e-06 3.608022933286304848e-06 3.336636690853506247e-06 3.041196286111414977e-06 3.061614385582063282e-06 3.082431146732529368e-06 2.949729750568484922e-06 2.935750258322988165e-06 2.814942673018945203e-06 2.338820852300722738e-06 2.364484554401633864e-06 2.571394114354437224e-06 2.677774502275102380e-06 2.371539292880327581e-06 2.283852795733446921e-06 2.133498926019692783e-06 1.786007147795479468e-06 1.763915455990207362e-06 1.967232274596466160e-06 1.923070819207239720e-06 1.618883455936015122e-06 1.648452585935461097e-06 1.646085867173728238e-06 1.589856548595962583e-06 1.210449687171743361e-06 1.224316560837763240e-06 1.238058806229203641e-06 8.909829323751669296e-07 1.004147983594768474e-06 9.643709377051078751e-07 9.324994308949974741e-07 9.046353145054982263e-07 5.347460086238581542e-07 4.261365867651210296e-07 3.357619029082838065e-07 5.805722790043757973e-07 4.924147965144754577e-07 5.600703462868632151e-07 5.825640161282679525e-07 5.373836790790458722e-07 3.848711410222204149e-07 5.694649696373156273e-07 5.253138601997441959e-07 1.520467813527036304e-07 2.611407256938948471e-07 2.608730069423544664e-07 1.793314040507708001e-07 2.562899311437195098e-07 2.557615479201650394e-07 3.616364468640787174e-07 1.404252157168293463e-07 1.454922903697929688e-07 2.104548302727855640e-07 2.468839809135549801e-07 8.278709778053096773e-08 1.950438602043167921e-07 2.844378114530100070e-08 3.829232401706631802e-08 4.315247935257455795e-08
1.167899994727878132e-04 1.296194692467914685e-04 1.263433328068204930e-04 9.696618046213107127e-05 7.641806756482520733e-05 6.837294668531699996e-05 6.164697111402246113e-05 5.578250475490477271e-05 5.520121399379851359e-05 4.928663422917550736e-05 4.962676248522142114e-05 5.866820235996179651e-05 4.065237226014238576e-05 3.716544357587959390e-05 3.386822917060241844e-05 2.940790060868376458e-05 2.717364702935949559e-05 2.563758752395188517e-05 2.282982924506918188e-05 2.054570159295753890e-05 1.961084368626321697e-05 1.728594163846790483e-05 1.549741910463503744e-05 1.457186488870208431e-05 1.388327545024218219e-05 1.247562414399722422e-05 1.173488390150624112e-05 1.119772587872972441e-05 9.703362686022955108e-06 8.946795104271526222e-06 8.752041056328296501e-06 7.696129735726815963e-06 7.394911673241351466e-06 7.167758320245039653e-06 6.306356598493455758e-06 6.404277602360197049e-06 5.973466325404691368e-06 4.900852631793252882e-06 5.113235677524555805e-06 4.282089341947465885e-06 3.909723995105091304e-06 3.923710205015616617e-06 3.557408800630157120e-06 3.548342670470935885e-06 2.985910966037656376e-06 3.008894630902729498e-06 2.922108571365931584e-06 2.645586373370223847e-06 2.648054321334160747e-06 2.615809959886609958e-06 2.357554243214657866e-06 2.282311267725832323e-06 2.466428164577214732e-06 2.170007340738801115e-06 2.049003115148947952e-06 2.199942923049303941e-06 1.625567616623413283e-06 1.464284884302666381e-06 1.202225317530925061e-06 1.427309978686734358e-06 1.257787939574634593e-06 1.301362662975787907e-06 1.271270890284708394e-06 1.320532801293964243e-06 1.241347845551061106e-06 9.854061923850490393e-07 1.040839791274438547e-06 9.938261809610948400e-07 5.359643145544459248e-07 1.029275938996151825e-06 9.327295842222970617e-07 8.484150237580248935e-07 7.657865131437426893e-07 5.135413410020852614e-07 4.332817794131868214e-07 3.963639744513342001e-07 4.875528033523814804e-07 5.054239501768501204e-07 6.531192108226186593e-07 5.659088053495608849e-07 5.630987952901182369e-07 5.361942924138819940e-07 4.501345982705112723e-07 4.053398008716961290e-07 2.715801816991881857e-07 3.368530209615073840e-07 3.786925209316364980e-07 2.217062872596775598e-07 1.197403453295183618e-07 1.592950309986570074e-07 3.135379492112181062e-07 9.465539854054660612e-08 1.208545977139068169e-07 3.287074755193166237e-07 1.257933580821761142e-07 2.026188542985463203e-08 1.433053736913429991e-07 -2.586242642879105404e-08 -2.328441132180577697e-08 -9.089835366729134594e-08
7.703911385313142314e-05 9.724376659852199752e-05 1.062087789151556789e-04 8.200528051684674233e-05 6.763449257887945581e-05 5.866695048492409474e-05 5.057582590610282903e-05 4.637829373921840292e-05 4.465957518807091309e-05 4.247226725683042489e-05 4.243440059881897633e-05 4.065237226014238576e-05 4.789770944813126306e-05 3.604366110560990608e-05 3.380410599394994203e-05 2.973410985883399502e-05 2.742331054119998500e-05 2.525774356231362143e-05 2.308319400349722261e-05 2.045528687615133672e-05 1.982891404234085359e-05 1.763364134546381955e-05 1.597634299287852894e-05 1.489226705611170887e-05 1.443105690720056327e-05 1.281798142886082084e-05 1.170293186426257574e-05 1.129953740315214006e-05 1.018774904949964127e-05 9.061283364488030917e-06 8.548487685099401525e-06 7.673291211323504186e-06 7.432696387954444058e-06 6.858674035043700988e-06 5.938378002455024623e-06 6.232673713362773511e-06 5.428263984558137097e-06 4.648968393750048408e-06 4.620160320279842205e-06 3.727358453509068118e-06 3.510452889385927894e-06 3.580388426892277003e-06 3.399740365452364327e-06 3.686717657381313684e-06 2.910161360712688563e-06 3.012147210811818691e-06 2.649174722610668801e-06 2.782103337076954365e-06 2.491221874858199288e-06 2.613361476583286638e-06 2.115675517343984256e-06 2.037706495600027490e-06 2.188340159690792176e-06 2.033202127878485459e-06 1.896466526676489519e-06 1.863015264686885157e-06 1.315343145540379119e-06 1.289768884010952893e-06 1.214358492132286388e-06 1.243090060177703438e-06 1.150971042138895891e-06 1.040588185355367442e-06 1.059613817679969700e-06 1.155012378952619801e-06 1.066360101768359333e-06 7.190566739981435022e-07 8.053195774176961016e-07 7.573172448774758568e-07 5.106735974738321146e-07 7.170648975598416811e-07 6.137844012506491302e-07 5.508020991473318251e-07 4.491530128995314562e-07 2.665617487777633479e-07 2.653857924800224698e-07 2.773778114413244016e-07 3.581943283143385687e-07 3.223876011883420605e-07 3.596203147560418236e-07 4.755741464821409152e-07 3.317015983066897841e-07 3.003384467640106711e-07 3.377511795291772218e-07 3.746394512954788595e-07 2.243843641421498662e-07 2.084850528703719413e-07 2.314949111653553276e-07 1.899670568099793199e-07 1.992263196616421901e-07 1.566335770063598665e-07 2.181788509468658349e-07 2.443401716525135923e-07 1.052764664742441309e-07 2.481658011726460070e-07 9.872286508842526665e-08 -2.193342257361719113e-08 5.736858299726658347e-08 -2.681529130947163900e-08 -6.682020348233913390e-08 1.717886016648046405e-08
7.180264515317445566e-05 9.923482141779618715e-05 1.058731339790218678e-04 7.933501875191913762e-05 6.649793582978147616e-05 5.566292212006781353e-05 4.661413364352791664e-05 4.347601695458392463e-05 4.060643394231882935e-05 3.900600048328261584e-05 3.763899246650261786e-05 3.716544357587959390e-05 3.604366110560990608e-05 4.226840604390255093e-05 3.299620996173713143e-05 2.864876716588870469e-05 2.638605907646487527e-05 2.454216679750879828e-05 2.227035249571285064e-05 2.010403591824641055e-05 1.911408808222708641e-05 1.724801746585670777e-05 1.523613187229044771e-05 1.456018043330176609e-05 1.402454178064489497e-05 1.245144849072413550e-05 1.152571285435008197e-05 1.102991945940473396e-05 9.908107917184256640e-06 8.995472171766683033e-06 8.297570288390337113e-06 7.733806102751207131e-06 7.580031618932658218e-06 6.971950314040067503e-06 6.199948987110821197e-06 6.333427960626188581e-06 5.994456082252283350e-06 5.140370910333570558e-06 4.864081241664923165e-06 4.371214731639951114e-06 3.953534570717651384e-06 4.145243932159776933e-06 3.796741258292109430e-06 3.882528547486094416e-06 3.317017251058737254e-06 3.257976851051905299e-06 3.183317806542127856e-06 2.989493390759515259e-06 2.856988664950710931e-06 3.000402317871007303e-06 2.648713913881171034e-06 2.606717656351782159e-06 2.648717515111824710e-06 2.499620119820428483e-06 2.313577474038230399e-06 2.289161113899643758e-06 1.946209412920279214e-06 1.701171782795236073e-06 1.615845511599937001e-06 1.533773809376855760e-06 1.488636312438723716e-06 1.234586874585385352e-06 1.178428848724029418e-06 1.308273768478641548e-06 1.053441699641543294e-06 7.870717437858041542e-07 8.388389377644399503e-07 8.447604646731405682e-07 5.889563195576386771e-07 8.310086914004028942e-07 6.551165554776771396e-07 6.237414741726558596e-07 5.955184660283264979e-07 4.418883910492733177e-07 4.801651893773633516e-07 5.600812771941833586e-07 5.622718830393006013e-07 4.713640626513773077e-07 6.100084039279915868e-07 5.789218116240856203e-07 5.996471519914731227e-07 4.548199156881060099e-07 3.755053470055962023e-07 4.512263890531970853e-07 3.106616623289382546e-07 3.442017209437611096e-07 2.920845436366796944e-07 2.949741568273722421e-07 3.142087009986710636e-07 2.573555893739534092e-07 2.773424916905828952e-07 2.804149110926663389e-07 1.525505145504355310e-07 2.965937280682537112e-07 1.297751950968364345e-07 7.577553523731643067e-09 1.134071192929090845e-08 -5.157370284858392422e-08 -9.287842718413530793e-08 -8.029568122289073861e-08
6.319642560135806651e-05 9.219769713025160887e-05 9.409193393754651167e-05 6.986920040277856442e-05 5.966424196517100672e-05 5.200820129078437515e-05 4.339887637065452619e-05 3.962297167531610316e-05 3.801143433823617293e-05 3.515025817674658360e-05 3.489681229754322702e-05 3.386822917060241844e-05 3.380410599394994203e-05 3.299620996173713143e-05 4.031889404789393446e-05 2.933946581275524520e-05 2.724736411674518662e-05 2.490258453342955998e-05 2.269162493552977089e-05 2.026093011400198802e-05 1.962915651625602191e-05 1.761996372516446191e-05 1.539237459705627631e-05 1.439886072652373440e-05 1.385344655690062991e-05 1.243533298975592555e-05 1.140844869032360737e-05 1.115378025719883897e-05 9.895277707693542600e-06 8.834086919306300166e-06 8.269184337518173885e-06 7.670669093392054814e-06 7.277112441998992232e-06 7.090868183286269654e-06 6.215791359964298255e-06 6.197769871980334604e-06 5.753416735768744319e-06 5.290513224078444680e-06 4.800750490470737318e-06 4.292912121501696175e-06 4.114779605698166483e-06 4.165907578653748037e-06 3.945095756099008827e-06 4.029470756327049935e-06 3.259745139793679029e-06 3.323911639471385303e-06 3.315188876241063804e-06 3.253842794205032473e-06 2.987707844068190253e-06 3.022510229794158624e-06 2.787141300737547016e-06 2.661986507997557013e-06 2.769687045836218714e-06 2.568750053712344812e-06 2.380297494221119130e-06 2.416618457776405445e-06 1.966717086498803821e-06 1.797580854095316572e-06 1.655830606719115248e-06 1.518279272867183352e-06 1.366440816293784690e-06 1.302258092504094747e-06 1.175874341316436717e-06 1.141414348094567785e-06 9.311040521836140327e-07 8.135960806529320658e-07 7.652196163099533924e-07 7.609153826358286607e-07 4.532324686170893318e-07 5.546025010885361416e-07 4.885487109276986970e-07 4.124020161655804037e-07 5.183657968922442826e-07 3.612713327702272482e-07 3.199106029355316086e-07 2.716669164379502125e-07 3.243876572211365650e-07 4.058669066318519765e-07 4.265038074399835420e-07 5.899382978037450807e-07 5.504617663443886352e-07 3.222106892039138474e-07 3.371073413031121912e-07 3.503530210631266763e-07 2.186634088302553967e-07 2.590928376479765985e-07 2.029127849367782809e-07 2.480580751159406697e-07 1.969343348259938423e-07 2.356251158885975563e-07 3.336521816595605185e-07 3.029947935523970475e-07 1.675788420897971430e-07 2.933558537498840578e-07 2.020777535020998448e-07 8.127700175447872661e-08 1.770194095002804291e-07 9.659308808583462472e-08 9.513202740771111656e-08 1.502256475086611797e-07
