3.539046065605173930e-02 1.741460185198510837e-03 1.475629242018609583e-03 1.010275332496136458e-03 5.503522692441276901e-04 5.093598955468974085e-04 3.298557204971162794e-04 2.528026635039014487e-04 2.094817219717637000e-04 1.628893345493995139e-04 1.180838443941397613e-04 1.196227159440245793e-04 6.642276417063368125e-05 7.485175249588330525e-05 5.849434973677704769e-05 8.363545549143212355e-05 5.759757756323604500e-05 5.626471550316360971e-05 5.903310348917197996e-05 6.637860077385475724e-05 8.182563200395944424e-05 8.661157555098286458e-05 6.467529516605075360e-05 6.019872549019612547e-05 5.450592047156673241e-05 5.597490377642463981e-05 5.234809360536669059e-05 4.735458886327821527e-05 3.195013172327177992e-05 2.517170663839592994e-05 1.735808896852048701e-05 1.949789789298909159e-07 1.257208408416876851e-05 6.319750787741408287e-06 3.022594248640254384e-06 3.391461778679498407e-06 9.777788179506092240e-06 1.594891977430416512e-05 1.440920148278290505e-05 1.804556204226267997e-05 1.552058559139575500e-05 1.992921480178575216e-05 1.293327442939078183e-05 1.378192712128010336e-05 1.897603980032758030e-05 2.400685859238643443e-05 3.173853357508018332e-05 2.708995290604141471e-05 2.855584162652986851e-05 2.951044848751513812e-05 2.730585017148151063e-05 2.624460799804806472e-05 1.947007702134933896e-05 1.978289032558965213e-05 2.152816334331255737e-05 1.508483481884196585e-05 2.017889705989920135e-05 1.755029372167080849e-05 1.269100898997149471e-05 1.557233769915882760e-05 8.458023992047705695e-06 1.643065472509951627e-06 8.140603881971011075e-06 8.989828978697820229e-06 8.850356140904710526e-06 1.064497087944636399e-05 9.152229064383463452e-06 1.887453068161422181e-05 1.672767640541178148e-05 2.219939279589574986e-05 2.570836020125409648e-05 2.570273982547362476e-05 1.726488696354716709e-05 1.631150180197415956e-05 1.573590233973283479e-05 2.548350742141069892e-05 2.316086880992387437e-05 1.817386832948630402e-05 2.218220195934838973e-05 1.695741992477914359e-05 2.074450958871006584e-05 1.837104009073503011e-05 2.075693045783313578e-05 1.862166035201978342e-05 1.753864743225134876e-05 2.228518128243780948e-05 1.422083446901367181e-05 1.930442114062846056e-05 1.643611064416401367e-05 1.187202733418070966e-05 1.413439570222027559e-05 1.107986043304788906e-05 1.130452469415973680e-05 9.203716358097493400e-06 9.403997637164593628e-06 5.371546419412946436e-06 2.954142855018098912e-06 7.877051247240081543e-06 5.874877139862099592e-06 2.871985398543812899e-06
1.741460185198510837e-03 6.080661276266451781e-03 1.359145885291976634e-03 9.009519608734860166e-04 6.080737187041771082e-04 4.525853200061712243e-04 3.239277726598606844e-04 2.625786826428801223e-04 2.295531382473319469e-04 1.753388000691109318e-04 1.448807076126169748e-04 1.366750324008026373e-04 1.050938597303328149e-04 1.044772211252907221e-04 9.841025250696337865e-05 7.985044416657755776e-05 8.985168180195960720e-05 7.890905751756620312e-05 7.650910217218260222e-05 7.336536110634125343e-05 7.509620505481416652e-05 6.059747152725263031e-05 5.315562447262992614e-05 5.605802820186340211e-05 4.973990951516155492e-05 4.262362209423302167e-05 4.370144949841673970e-05 4.473408918988641539e-05 3.329674859854909032e-05 3.734163562240371020e-05 3.634354851891984079e-05 3.432533090507600555e-05 2.893763676800268690e-05 2.965838163372844013e-05 2.896846788835996794e-05 2.762747744122554368e-05 2.743501283342376061e-05 2.212977692503657437e-05 1.902067602946544718e-05 1.841363220490839679e-05 1.210305744640932127e-05 1.407983276362974085e-05 6.699036431188365154e-06 4.761363594221377700e-06 8.160579503353601664e-06 8.299786945400207931e-06 8.205736493249814772e-06 9.354871995610068017e-06 9.678840410503295361e-06 1.401037201946695568e-05 1.335724485055617078e-05 1.449345145768474123e-05 8.978956145943723849e-06 1.109082889445598639e-05 9.689369275005227429e-06 8.142665665745226627e-06 5.631789035442324999e-06 6.432775027218651173e-06 5.179455668665759255e-06 7.038659216075698824e-06 6.125117380978801591e-06 5.679243246421869994e-06 2.439975593735104124e-06 7.055298202634364219e-06 4.918520099508565955e-06 9.131947140973273975e-06 5.373256892611259403e-06 7.330339806620617352e-06 4.382154364003445091e-06 5.588420170579396626e-06 3.749911224940469932e-06 6.860582156542318006e-06 5.956925469127262935e-06 4.172592675163715672e-06 2.635345336430513514e-06 2.719728798846958458e-06 2.255113565724370893e-08 3.550803883271230705e-06 2.357931510766234120e-06 1.808980474326395956e-06 2.947366048171505132e-06 2.534548611147175665e-06 3.930554946339275602e-06 2.889786018513971703e-06 3.188796635945489558e-06 4.153715054477496519e-06 4.059362420346875336e-06 4.004146214029101143e-06 2.347254477753549619e-06 2.379297507379406161e-06 2.110575555779245019e-06 3.000485427005963619e-06 1.727153829336536643e-06 1.550554211776145236e-06 -9.180164059797778792e-07 -5.220897569898054858e-07 -1.795908716932751246e-07 1.351416922260964993e-06 9.033826159858735487e-07 1.239859628068118752e-09
1.475629242018609583e-03 1.359145885291976634e-03 2.096904949778335102e-03 7.709015147231160691e-04 5.507406776097339236e-04 3.919643117099474755e-04 3.059070292165258021e-04 2.493009787820309989e-04 2.324734776625963205e-04 1.734090005982233949e-04 1.588187884694924922e-04 1.368890860942589837e-04 1.158730445978650128e-04 1.157061196945778777e-04 1.024117506798538825e-04 9.360147022174074999e-05 8.023288234948328644e-05 7.474562944520645044e-05 6.845219247272200643e-05 5.950960389479452472e-05 6.024503910689232909e-05 5.280529446066835276e-05 4.639109880195892068e-05 4.577056122327725993e-05 4.349490126896697623e-05 4.039686240603501005e-05 3.787344124655067868e-05 3.427994847044858533e-05 3.405214704478752509e-05 3.018965723422957267e-05 2.740427464138222463e-05 2.665392265504575291e-05 2.650069563852105388e-05 2.473253248343802206e-05 2.083262462727475197e-05 1.911111254907990270e-05 2.129555683284932585e-05 1.608412869956276690e-05 1.451071939791803188e-05 1.489521896934264665e-05 1.249545261758446757e-05 9.435801601943938306e-06 8.375557527868326185e-06 7.919771178379875876e-06 8.961780319508632037e-06 6.248790514159751576e-06 8.518958846163321598e-06 7.635723410140662963e-06 9.074398671775271301e-06 7.894730632685220150e-06 8.092071819118651892e-06 9.386808570392762426e-06 7.819378738279974668e-06 7.337254868740549269e-06 7.606585484994780492e-06 6.797187094622880812e-06 4.435650381191371050e-06 3.084444860794127856e-06 3.293106943957999511e-06 3.019336097604313128e-06 1.908744051483852598e-06 1.418308774593426306e-07 -4.404507320485344701e-07 3.518000904703324411e-06 1.884086447575183818e-06 2.137789487318222839e-06 -2.640412903438622975e-09 1.543893245351385591e-06 6.320098197570794094e-07 8.299030682213438955e-07 1.958961530710335598e-06 1.849539304741495918e-06 2.296103534208181463e-06 1.318668048869671916e-06 -5.680120841652475300e-08 1.349332055310074902e-06 1.199978043442903176e-06 2.384500856415456034e-06 2.553064542840965734e-06 1.935108790219752772e-06 2.505313026664006489e-06 1.378266353839464944e-06 1.826683835747845744e-06 2.061042362754118492e-06 2.472031521663284925e-06 2.467957870718744918e-06 1.670181965881938565e-06 1.319290142796168237e-06 1.284774632717043728e-06 1.080129958488941171e-06 3.548879089398623634e-07 6.782541547187137647e-07 -3.709945144325520173e-07 -9.660304151457151294e-07 -4.007391070359374543e-07 -1.504651504843200778e-06 -1.723906574706978851e-06 -5.314579144661208800e-07 -1.916438792959547390e-06 -1.687060544429244463e-06
1.010275332496136458e-03 9.009519608734860166e-04 7.709015147231160691e-04 8.886062699510383122e-04 4.244511651039142700e-04 3.025523625026522306e-04 2.399405606167984639e-04 1.941014344698613369e-04 1.696897269388729422e-04 1.349231716058948679e-04 1.139542646607062605e-04 1.025753760204545868e-04 8.743458088222753552e-05 8.314834875536044440e-05 7.423642121774568609e-05 6.638973330539784019e-05 5.956511915659503515e-05 5.570016455976257763e-05 5.269797393545849989e-05 4.667593774232677907e-05 4.470025412132311462e-05 4.293403238366477975e-05 3.536237527971674427e-05 3.529832268721586920e-05 3.034956791394371317e-05 2.673315158293556486e-05 2.422539168656362492e-05 2.483456625088870058e-05 2.020193893496774495e-05 2.099439547960959724e-05 1.826979311079942437e-05 1.604214546841337355e-05 1.701113615462894666e-05 1.417370957531362499e-05 1.266758879566515186e-05 1.131684608078643714e-05 1.131645771972873001e-05 8.377311491981108627e-06 7.734704855737640513e-06 7.111806645234538023e-06 4.259503790328946121e-06 4.527944907009011416e-06 5.086366036147455047e-06 5.814524888201594317e-06 5.570991217464007520e-06 4.815591288625926700e-06 5.899094203739062741e-06 5.640240685466081470e-06 5.571350749896423114e-06 5.891388542606343645e-06 4.890951064031826198e-06 5.857773125658999127e-06 3.834213558596253507e-06 4.340838908929859336e-06 3.912309536395936739e-06 3.836772983012101757e-06 1.628388376052821951e-06 1.772382952761754472e-06 1.818353570399492244e-06 2.332983205171540162e-06 1.466164602484180085e-06 1.818634625656211428e-06 2.038929660980608870e-06 3.874633988556682945e-06 2.879044053278499260e-06 3.340357354041326650e-06 2.157941793536722855e-06 3.207356749737148747e-06 2.799513415154614118e-06 3.148960693359256188e-06 3.326553128185480585e-06 3.495420874623853466e-06 2.744770412846199671e-06 1.832409516037420671e-06 1.253933067176755408e-06 1.851198662895092085e-06 1.353204170851190086e-06 2.612136349990864205e-06 1.946827318088890955e-06 2.082134002801960030e-06 1.922140691564315899e-06 1.142622946888430508e-06 2.337387808030883758e-06 1.446630059598890972e-06 1.463349415416008195e-06 2.657312452818474190e-06 1.496193755986054210e-06 1.416530583511238160e-06 1.007502497746907241e-06 1.153109402165845062e-06 1.205465172846969860e-06 7.757065189399109280e-07 5.845801001011868765e-07 3.975302202691718679e-07 6.306108185813501672e-07 2.084301889120055769e-07 3.146906925503332305e-07 7.925631122465959182e-07 9.136655570807145419e-07 3.908515852233235865e-07
5.503522692441276901e-04 6.080737187041771082e-04 5.507406776097339236e-04 4.244511651039142700e-04 5.024657029588863125e-04 2.650419391672193480e-04 2.121368152453050504e-04 1.673125668946657586e-04 1.406992618747573282e-04 1.119787711965082962e-04 9.708916180354477011e-05 8.265544133111282299e-05 7.375857540435642621e-05 7.183309707787846588e-05 6.516080956265029450e-05 5.883318393980502151e-05 5.010480363312060060e-05 4.726408657807778277e-05 4.170965715931866473e-05 3.808089902484582823e-05 3.686441664545064178e-05 3.304221971278547453e-05 2.740551698482702794e-05 2.862761698188033554e-05 2.511383350365726971e-05 2.248780611585010040e-05 2.256771749576064277e-05 1.981584063275616334e-05 1.888573858075679181e-05 1.658426812957921096e-05 1.515224711186177541e-05 1.532646506337125849e-05 1.359627520056921841e-05 1.249771672652665513e-05 1.155580312189113473e-05 1.023692054906207066e-05 9.638394106121918027e-06 8.355732410343247329e-06 6.651622017649891652e-06 6.581131566852491994e-06 5.099984559588768239e-06 5.594089731711686039e-06 4.486836934142006248e-06 4.847642158642975731e-06 4.617200112152267733e-06 5.452535144044140899e-06 5.317795268781919327e-06 5.251542825304324807e-06 5.381731394415366141e-06 4.532572713695780851e-06 4.839248954432920759e-06 5.017704810375702016e-06 3.594037274257348222e-06 4.474985491384396601e-06 4.419265102202238453e-06 4.518538928546291983e-06 3.090982269259231978e-06 1.988711034843715666e-06 1.905461172330135307e-06 2.239491882906221805e-06 2.124846240311503134e-06 2.243013428532213631e-06 1.726949142099979428e-06 3.134775363893890523e-06 2.268437317708977917e-06 1.961872224102999893e-06 1.638710991543345837e-06 1.614263491086647621e-06 1.092573401522304336e-06 1.581521441418220800e-06 1.443196721540224137e-06 1.512832555260100503e-06 9.684950521696530442e-07 -4.853253596670218412e-07 -4.535010943181617504e-07 -1.185348165778507767e-07 -5.564616029172438613e-07 3.573767259695797347e-07 -4.502366091818458718e-07 2.689256486029740643e-07 1.953961875272075751e-07 -4.161231518152607332e-07 -1.131957398972830671e-07 -4.409383295595171455e-07 -3.596150684925736831e-07 2.877174794457930682e-07 -4.308235505248660858e-07 -3.798259606009758481e-07 -4.896217477891901763e-07 -6.856092806798404408e-07 -2.473984772324269915e-07 -2.809217317856417291e-07 -6.763284540895846120e-07 -2.500967424912673402e-07 -2.888974111255268200e-07 -6.253746874126155329e-07 -6.284285780220259269e-07 -4.770554120536478821e-07 -3.093256535299274081e-07 -8.157679679579956817e-08
5.093598955468974085e-04 4.525853200061712243e-04 3.919643117099474755e-04 3.025523625026522306e-04 2.650419391672193480e-04 3.058688437484895803e-04 1.788937448669752385e-04 1.441378540479196712e-04 1.219435210483968467e-04 9.890405397119594812e-05 8.307152878956065964e-05 7.162930442675796000e-05 6.193412696937633120e-05 5.821492490085980692e-05 5.542519192058748716e-05 4.770803430220737373e-05 4.146173715595179399e-05 3.945179491598379157e-05 3.676912989326893121e-05 3.366916477632874322e-05 3.086403038621885164e-05 3.016519209698874385e-05 2.454424948738861452e-05 2.466103547015849426e-05 2.293097147656855456e-05 1.980017436585076142e-05 1.829219478808485926e-05 1.826787888956961866e-05 1.488856859756695427e-05 1.351870072389197993e-05 1.281453762266663714e-05 1.160084058934371551e-05 1.023527416489964804e-05 9.512964123616608433e-06 8.698315301998676123e-06 8.342516825891163051e-06 8.437014251640799050e-06 6.314528253260673708e-06 5.437929791801710146e-06 4.181865991874214784e-06 3.731910477139593148e-06 4.126798210001559487e-06 4.040023799356702414e-06 3.847926303580019630e-06 3.263694874275016797e-06 3.044661053506983850e-06 2.972368580319522497e-06 3.271708980458440825e-06 2.891677204849081164e-06 2.680670877925701702e-06 2.477101959463977522e-06 2.233295410501656897e-06 1.637939568818702642e-06 2.364979062288618725e-06 2.836657673947393190e-06 2.132486653853011400e-06 1.319380953915893830e-06 7.366962180651766620e-07 2.633151822997246176e-08 1.596672076948868572e-07 -2.019481156858014398e-07 -2.849907100621396151e-08 -3.572458960872294528e-07 7.968072064549891761e-07 5.429264238602907596e-07 7.215744707296586231e-08 -3.953617341438630980e-07 1.504815616436440638e-07 -5.972081680939309615e-08 8.197044171711422358e-08 -1.488545944617682480e-08 4.129284800641556759e-07 1.710102890869899761e-07 -5.058810403372783965e-07 -7.881555404621482756e-07 -1.725791461300138134e-07 -3.399378189977637684e-07 -6.128281274852134511e-07 -3.662589454450078534e-07 3.436667119633154038e-08 2.937448145987234135e-07 -2.157333910829081200e-07 2.302235346476314002e-07 -8.576161306698505588e-08 -1.305888972926316216e-07 1.210437046323122856e-07 2.165250512759819769e-08 -3.159624233030801210e-07 -2.837145310712399335e-07 -1.355662707244244098e-07 3.352467824351737257e-07 3.680261694475532772e-07 -3.322773091046958537e-08 3.418677745515241708e-07 2.421160580778338518e-07 -7.715396867282592457e-08 -7.282570362438443536e-08 1.601689015104104020e-07 7.201868182183145269e-08 2.294212094929371935e-07
3.298557204971162794e-04 3.239277726598606844e-04 3.059070292165258021e-04 2.399405606167984639e-04 2.121368152453050504e-04 1.788937448669752385e-04 2.058106521890230660e-04 1.270104026423455907e-04 1.086302245680610548e-04 8.555283490650756033e-05 7.591050727566867875e-05 6.613627617374007780e-05 5.463307316200008244e-05 5.036275397504420625e-05 4.821337434378343654e-05 4.154283750956892172e-05 3.803864243571113943e-05 3.498269746332575308e-05 3.215086598993155425e-05 2.930674988666870799e-05 2.819062849923697448e-05 2.574690608735950078e-05 2.236628694115064524e-05 2.114586492927957381e-05 1.993951407016493580e-05 1.846470698334209292e-05 1.653208005316844694e-05 1.640796743207594739e-05 1.474558671837401269e-05 1.268572570331601285e-05 1.227318496566245522e-05 1.112233418862753721e-05 1.057704074067621911e-05 9.830423366943849016e-06 8.737567641645903102e-06 7.713264394051063091e-06 6.841766917985327626e-06 6.229751424866552001e-06 5.605348953939663997e-06 5.142910538002140696e-06 4.408421714967978031e-06 4.078508459118814455e-06 3.671459758620492130e-06 3.988369878289858069e-06 3.623965646722499675e-06 3.564045053162006006e-06 3.455767257613038967e-06 3.359643311736602800e-06 3.048468897288107513e-06 3.488333558870140951e-06 3.060118593098889124e-06 3.526610358398579321e-06 2.818246773030553452e-06 3.322906524021572590e-06 3.482576699288302259e-06 3.404063467664373131e-06 2.556328935144233216e-06 2.065295390722385647e-06 1.344947553656006954e-06 1.483384803254697399e-06 1.378781092874811240e-06 1.556347008208361088e-06 1.170790505754534669e-06 1.509710811105246028e-06 1.500737297858063611e-06 1.278590262264967325e-06 7.633379409611019709e-07 1.166297378472993335e-06 8.712160014736461477e-07 1.058405157265969266e-06 1.070846951201551848e-06 1.016046240056928146e-06 6.992181906127156116e-07 3.067672053054789508e-07 7.149417911342766987e-08 1.410800585775603888e-07 9.627121721063562232e-08 5.233722425779209456e-08 3.539563874298403662e-07 4.909853745763409429e-07 6.684697664884655318e-07 4.571235905285326302e-07 6.898530259942115009e-07 7.065380688658969586e-07 5.739713155053183127e-07 7.128481538815552085e-07 5.546066614250604812e-07 3.635577445901645182e-07 3.364736754193892906e-07 4.328420631169597611e-07 6.981225359874300789e-07 4.753136604127385894e-07 9.649405126061393591e-08 3.353679041682543450e-07 3.174205501350756322e-07 1.439341426433105477e-07 6.869334949462201807e-08 8.708403722861109815e-08 1.463095295306722328e-07 -1.440542230683228313e-07
2.528026635039014487e-04 2.625786826428801223e-04 2.493009787820309989e-04 1.941014344698613369e-04 1.673125668946657586e-04 1.441378540479196712e-04 1.270104026423455907e-04 1.488495280115076152e-04 9.872086508600490956e-05 7.864523518759723817e-05 6.899850880272196567e-05 5.957930628103992490e-05 4.985291031496855672e-05 4.657251685160520958e-05 4.309089572586051079e-05 3.752401518972015010e-05 3.365983621058491761e-05 3.144690363449686342e-05 2.944517392017825724e-05 2.559488484373756634e-05 2.394196917495333457e-05 2.342869359351513472e-05 1.969511914617865143e-05 1.864787793378427808e-05 1.745555977249124986e-05 1.523935879439710723e-05 1.412206294828440711e-05 1.352399674208753732e-05 1.194039734459628299e-05 1.095354616077654877e-05 1.012658972986370178e-05 9.368005985415158728e-06 8.137275342591814001e-06 7.598134968612048160e-06 6.365114522384465929e-06 6.162985990332769927e-06 6.176799748713478113e-06 4.518683465707398808e-06 4.040810029735461962e-06 3.501075840427186513e-06 3.290734139444158626e-06 3.226755919963912525e-06 3.100963307755468713e-06 2.908595356591752967e-06 2.321559712295740182e-06 2.530927952943840291e-06 2.281501767090122445e-06 2.409857391591983829e-06 2.328724497647347118e-06 1.974405866996790485e-06 1.587471535331700878e-06 1.975632347523382829e-06 1.703763655065151314e-06 2.104520777502849805e-06 1.879871395747435732e-06 2.099013181735394427e-06 1.396334219322989560e-06 8.050108957092928409e-07 8.324199022028799027e-07 8.542637531901103341e-07 7.849442453228768690e-07 6.548174595076784916e-07 4.886783124146904667e-07 1.003194586543457435e-06 1.018433680349094309e-06 6.396826198932500748e-07 5.277538828731586702e-07 6.617125346693471346e-07 4.107792955191940463e-07 6.274159397703925875e-07 4.262036290328395999e-07 6.232486174014054047e-07 3.659038505091526731e-07 1.131768370693653140e-07 -1.261024781170833394e-07 6.895706380683297887e-08 -4.176294590949620791e-08 3.905630100044944606e-08 3.450933530889405392e-07 5.340127048603376283e-07 5.520692591279021388e-07 4.473309551212991872e-07 4.097982858546965335e-07 4.633158029096474367e-07 2.568849160398759819e-07 5.015627472698159510e-07 1.474403131227776632e-07 1.344916281959613219e-07 3.367154726009147654e-07 2.610820866484122468e-07 3.196018692794373671e-07 -2.304406911271543521e-08 -1.183907054483561315e-07 1.555720745123153865e-08 5.941284917531721071e-08 -1.973611264744228593e-07 -3.466810033859787959e-07 -3.845100253476842920e-07 -2.563661205879237350e-07 -3.914507165610107043e-07
2.094817219717637000e-04 2.295531382473319469e-04 2.324734776625963205e-04 1.696897269388729422e-04 1.406992618747573282e-04 1.219435210483968467e-04 1.086302245680610548e-04 9.872086508600490956e-05 1.184983402054536956e-04 7.467675831420151321e-05 6.943721906767244220e-05 5.871498739078529828e-05 4.772981180572334869e-05 4.340125938730103974e-05 4.121777495584786071e-05 3.601706076808363716e-05 3.286843117823140905e-05 3.029154899107756868e-05 2.713811839793948995e-05 2.451722617118433961e-05 2.393742951059217030e-05 2.178099647790037585e-05 1.923850432811599284e-05 1.794829987771034220e-05 1.705106366966350497e-05 1.534582986735924501e-05 1.446145368632615033e-05 1.378026717644785804e-05 1.180332557100509050e-05 1.113246960320023657e-05 1.055393650626594881e-05 8.950463684936047726e-06 8.514135327528243066e-06 8.323407530186259796e-06 7.788079655344688643e-06 6.920702807698216237e-06 6.398375943644260133e-06 5.242280623480053691e-06 4.475346189748058737e-06 4.137451374959302706e-06 3.861345129684113256e-06 3.887109620344846782e-06 3.813957680356695780e-06 3.705655185025172027e-06 3.077084065333111639e-06 3.100616683325898962e-06 2.958978003130243914e-06 3.085897005516591425e-06 2.953971638381791035e-06 2.332231250606606405e-06 1.850182166201156121e-06 2.023317923778085390e-06 1.834917155907469673e-06 2.320660158624605662e-06 1.755105827836765426e-06 1.928200996355023941e-06 1.235931642312151444e-06 9.365937784096851049e-07 8.752919919905064260e-07 1.159980195440888015e-06 4.125608330352476223e-07 4.680218793505518030e-07 3.341274347274782147e-07 8.766851820626261652e-07 6.548704657819550681e-07 6.089433788504210229e-08 -4.235470113853583682e-08 2.436614867068272793e-07 1.296373349385849553e-08 -9.205655068246706891e-08 5.245391606148577828e-08 2.473183679369165956e-08 -1.985553424368954219e-08 -1.105863857311900367e-07 -4.056479998549091660e-07 -2.237268993434543700e-07 -7.191787664775332822e-08 9.516329414187457523e-09 1.593724752892719508e-07 2.525982083840543037e-07 2.287533386699371967e-07 1.756706290020264099e-07 2.153627040009023076e-07 7.914921405956282574e-08 -9.581778630060010414e-08 5.496092339156480619e-08 -6.499559960713534587e-08 -1.468739797371185097e-07 -2.222346869298413799e-07 -6.662653277698856488e-08 -2.380491172253454102e-08 -3.440242957492958756e-07 -4.734955649268273157e-07 -1.523566240095976823e-07 -2.264790573067590113e-07 -4.265393259321625574e-07 -2.586141551781637937e-07 -4.997245976929106739e-07 -2.822401020322672081e-07 -3.578242428220389037e-07
1.628893345493995139e-04 1.753388000691109318e-04 1.734090005982233949e-04 1.349231716058948679e-04 1.119787711965082962e-04 9.890405397119594812e-05 8.555283490650756033e-05 7.864523518759723817e-05 7.467675831420151321e-05 8.402064543345358935e-05 6.130513511982550842e-05 5.249745936127454577e-05 4.515222224644781858e-05 4.136495978201867153e-05 3.780468624069089934e-05 3.338920495507402547e-05 3.090571570090208350e-05 2.896577983393627183e-05 2.665742532797674928e-05 2.477345515190193477e-05 2.243104082292164141e-05 2.055192392914615595e-05 1.839847130751876141e-05 1.737267018800939315e-05 1.676657367962069943e-05 1.522636361057731770e-05 1.406470937306781367e-05 1.317273177586814594e-05 1.185807988437320219e-05 1.083426058809590990e-05 9.951925533629171560e-06 9.147487551587045004e-06 8.499744489518839061e-06 8.435249210920740627e-06 7.474894336947636737e-06 6.957310303211222986e-06 6.579124286750175196e-06 5.456986009903878154e-06 4.942842519522216247e-06 4.189540185374901708e-06 3.879181950159056712e-06 3.856905159372177013e-06 3.442221020246871421e-06 3.511242335165812086e-06 2.812617757348133412e-06 2.889212286132315125e-06 2.456133849374494386e-06 2.717420211428206668e-06 2.637132493431979333e-06 2.439525272828966035e-06 2.151206871827530738e-06 2.038654878014008304e-06 2.293435721623527439e-06 2.097105474180598816e-06 1.992208540842187728e-06 1.879593492488491815e-06 1.610517167114245890e-06 1.359046240973998159e-06 8.833358866503216414e-07 1.163957780702753109e-06 7.471863907988489385e-07 8.433905091439035164e-07 8.514464136112414500e-07 1.080870501404046291e-06 8.340587588639437350e-07 6.693346337887937642e-07 5.243589924537657287e-07 5.736594782873984663e-07 2.792630972352170113e-07 4.813963813564887023e-07 5.739279399257849285e-07 4.843378343951994068e-07 5.877149685480715917e-07 1.052403450134826359e-07 2.244986727652061884e-08 1.679310562126789762e-07 2.219042299369435721e-07 2.070022748459943303e-07 3.767902937147952539e-07 5.258327859604323768e-07 4.264856675875695580e-07 4.262424775933431080e-07 5.158854505736354426e-07 4.804320637538629632e-07 2.572853780136016141e-07 2.695177438991461324e-07 2.750929010022464888e-07 2.070771625837646259e-07 1.671507595276354426e-07 2.913191327105165597e-07 3.583798529692958032e-07 2.304092393084683051e-07 1.440408680150412241e-07 3.828608436411019423e-07 1.612786489472081373e-07 1.675159600995497869e-07 1.690638365479892077e-07 -3.211054457888027825e-08 3.175529072218492496e-08 -4.911974198452772355e-09
1.180838443941397613e-04 1.448807076126169748e-04 1.588187884694924922e-04 1.139542646607062605e-04 9.708916180354477011e-05 8.307152878956065964e-05 7.591050727566867875e-05 6.899850880272196567e-05 6.943721906767244220e-05 6.130513511982550842e-05 7.461548096335086856e-05 5.289534261116466616e-05 4.537978088089746753e-05 4.055189550430619166e-05 3.758605127804148734e-05 3.255868039971756081e-05 2.942245191164624769e-05 2.806189737162414013e-05 2.495565498736562862e-05 2.283054071359109599e-05 2.203792403274792701e-05 1.976688648785254312e-05 1.792413472008161395e-05 1.600717245479276021e-05 1.576796312182621203e-05 1.421877141585716038e-05 1.321718717817078231e-05 1.247406865071160860e-05 1.069734846865495563e-05 9.913839706846456638e-06 9.291690584164642933e-06 8.951661081081159255e-06 8.327492589618891829e-06 8.225979868619679903e-06 7.243187423179573704e-06 7.090612457354802734e-06 6.601801834357041888e-06 5.450901236015098802e-06 5.394928677536409403e-06 4.648398928048608431e-06 4.401091696944157599e-06 4.347475327057053868e-06 4.103349680255850501e-06 3.836481949844735882e-06 3.405921971295324440e-06 3.471279647661591689e-06 3.258344778340216938e-06 3.398974751546510717e-06 3.293766034208976103e-06 3.004574703660346704e-06 2.630459730632433217e-06 2.684173762379483434e-06 2.858258591478644816e-06 2.963088056301483942e-06 2.523887557322164067e-06 2.563472899651372729e-06 2.295478027919699799e-06 1.897586965552998260e-06 1.774999041785323170e-06 1.998586135025278865e-06 1.879187678751049214e-06 1.563885245323857667e-06 1.599300718039971211e-06 1.522383964128911940e-06 1.432448915358682164e-06 1.067292139223547983e-06 1.020880503273952417e-06 1.094392622407791072e-06 7.606842451283694308e-07 8.843867071228148136e-07 8.353006241618212066e-07 7.339022759488013828e-07 8.008141409721278204e-07 3.926430386518719071e-07 2.802014848958044866e-07 3.018637453013304990e-07 4.240210398656111506e-07 3.957054290714087716e-07 4.768901197894602094e-07 6.013075311716118062e-07 5.296277540333972027e-07 3.564027138003309218e-07 5.633346077569241384e-07 4.306281204457840649e-07 1.379071075206411191e-07 2.065027292215261439e-07 1.592155185584180507e-07 5.858272103775496130e-08 2.068888395147068154e-07 2.287362364870821671e-07 3.698509381606357827e-07 1.361949038884086821e-07 9.835635344875856577e-08 2.260978247299937603e-07 1.839241385674041283e-07 3.686917445056648404e-08 1.409804693771579003e-07 -2.003549268112404643e-08 1.619529609023980199e-08 -1.485605734373844797e-08
1.196227159440245793e-04 1.366750324008026373e-04 1.368890860942589837e-04 1.025753760204545868e-04 8.265544133111282299e-05 7.162930442675796000e-05 6.613627617374007780e-05 5.957930628103992490e-05 5.871498739078529828e-05 5.249745936127454577e-05 5.289534261116466616e-05 6.206858447225084650e-05 4.340860934282591383e-05 3.972634209140132059e-05 3.673945396495135248e-05 3.157251977159624209e-05 2.913739070019386937e-05 2.744966972210610191e-05 2.465144749460305073e-05 2.218867562842817849e-05 2.123169516610117383e-05 1.879012327655836924e-05 1.689934880258065880e-05 1.598264146450850494e-05 1.509146367714088922e-05 1.363454958030771726e-05 1.281755089944223906e-05 1.227750335736222007e-05 1.052561285425435627e-05 9.784548800760110504e-06 9.482255772970474351e-06 8.709408557453970285e-06 8.337166209809275728e-06 8.020515548539275153e-06 7.130747827469010755e-06 7.079438378691752772e-06 6.704115739776976046e-06 5.465863919315411913e-06 5.552289798393832864e-06 4.758272786643119928e-06 4.313179394607834290e-06 4.248217334834026574e-06 3.965945523513651446e-06 3.895635970017763400e-06 3.237867370374737074e-06 3.260461643293597546e-06 3.081310781473374609e-06 2.977656426413097547e-06 2.895946268969351496e-06 2.804415466985393005e-06 2.569636644528395116e-06 2.511353629947375468e-06 2.601745135449111210e-06 2.422148494122413635e-06 2.238623012969383983e-06 2.381211134205653363e-06 1.727360195847028815e-06 1.527148268496354243e-06 1.274983422705124936e-06 1.423654281317705632e-06 1.223378461453898820e-06 1.282208419036309471e-06 1.233215661360669234e-06 1.238541499653451782e-06 1.140967930478881605e-06 8.490140010550917758e-07 8.408429199582629892e-07 8.799456002134493001e-07 4.452816955064625276e-07 8.812771491324884948e-07 8.013528862547889391e-07 6.894403771381679640e-07 6.980205025710441697e-07 3.971460475783291485e-07 2.797247478868850869e-07 3.643567420539957583e-07 3.841084793231065457e-07 4.610585513541760920e-07 6.023814131663060934e-07 5.989362218700847287e-07 4.926459535171757566e-07 4.859120755694810535e-07 4.022842517588917988e-07 2.985418884853884632e-07 1.708353286846791572e-07 2.866302606824043216e-07 2.198740936939340653e-07 1.064854032313583771e-07 -4.939385759029961298e-08 7.644657961096137518e-08 2.148960957254233628e-07 -8.831485356857335383e-09 -6.441746101479405917e-09 2.206011655332863792e-07 3.549901959566272683e-08 -5.726756738460851610e-08 1.061436668534821173e-07 -1.475288922330093164e-07 -9.539908280809547709e-08 -2.025341327250989096e-07
6.642276417063368125e-05 1.050938597303328149e-04 1.158730445978650128e-04 8.743458088222753552e-05 7.375857540435642621e-05 6.193412696937633120e-05 5.463307316200008244e-05 4.985291031496855672e-05 4.772981180572334869e-05 4.515222224644781858e-05 4.537978088089746753e-05 4.340860934282591383e-05 5.063740290776750963e-05 3.852253406587712237e-05 3.646479639882213537e-05 3.195644428337617851e-05 2.939909944009256795e-05 2.686053628230813603e-05 2.486497965166348253e-05 2.190993141929512217e-05 2.134146076746001874e-05 1.907451584275606050e-05 1.700321490120443633e-05 1.615229121457468562e-05 1.521738526681241207e-05 1.360844478133444814e-05 1.263983692196264456e-05 1.208875392140778307e-05 1.092231768208258147e-05 9.816956285731323923e-06 9.267535355005299277e-06 8.537683109669106098e-06 8.249809580879192888e-06 7.712259268495295626e-06 6.640219773789516037e-06 6.867633928423139063e-06 6.043082429271080509e-06 5.114216431613166392e-06 4.976429002270806888e-06 4.206494693278975806e-06 3.851941266090041191e-06 3.803871763293517533e-06 3.702526240412483466e-06 3.895460287675412060e-06 3.081973537677630515e-06 3.196232343681940406e-06 2.764304678271880396e-06 2.954039941854379633e-06 2.708447919543059138e-06 2.717198465862965050e-06 2.236354629846286229e-06 2.124108878394747356e-06 2.268706088818172882e-06 2.190745248480999802e-06 2.004609016532140752e-06 2.002998757970806239e-06 1.428944300225079276e-06 1.400178976927940396e-06 1.252384573920944950e-06 1.224000593074873248e-06 1.153911228977125927e-06 1.006953030534071988e-06 1.036961178318066140e-06 1.143382098178857994e-06 1.016923376655166903e-06 6.757157012466470353e-07 7.120033083866458230e-07 6.936777340446871694e-07 4.563595244934898244e-07 6.302026847215879108e-07 5.409227955715497516e-07 4.181013383921618035e-07 3.705559974717004080e-07 1.759594168500638639e-07 1.919826137935602652e-07 2.786023122235368014e-07 2.698006489294234867e-07 2.449566198107042422e-07 2.553853975480432781e-07 5.085602559700963733e-07 2.680870504584067200e-07 2.650042937797441860e-07 3.197135247085360927e-07 2.784095974641752563e-07 1.466000883545247177e-07 1.573865051235985541e-07 1.275635108558766190e-07 8.025016280279314364e-08 9.565728960249335450e-08 1.044609925259550722e-07 1.779295598657063386e-07 2.006795030522829943e-07 6.590380915227795641e-08 1.944083204352483553e-07 5.335904037485434584e-08 -5.265773546897458686e-08 7.195528828563912121e-08 -4.780774685247131446e-08 -6.675849621091035079e-08 1.327924282403026413e-09
7.485175249588330525e-05 1.044772211252907221e-04 1.157061196945778777e-04 8.314834875536044440e-05 7.183309707787846588e-05 5.821492490085980692e-05 5.036275397504420625e-05 4.657251685160520958e-05 4.340125938730103974e-05 4.136495978201867153e-05 4.055189550430619166e-05 3.972634209140132059e-05 3.852253406587712237e-05 4.454161379231452684e-05 3.559806292494674092e-05 3.090371747013459215e-05 2.836468074022361553e-05 2.621079080461581322e-05 2.393316555384336923e-05 2.145702583884623129e-05 2.052355549183484574e-05 1.852344601705939472e-05 1.630547713790051669e-05 1.570208264468378017e-05 1.482757843866575609e-05 1.332075896510457778e-05 1.226750846406006911e-05 1.177264591200108362e-05 1.058961574833692955e-05 9.715566837165261712e-06 8.873088518014156327e-06 8.471953653655934545e-06 8.312650630114322238e-06 7.672818551274988079e-06 6.780347539957009041e-06 6.919016762484458568e-06 6.546000341272232953e-06 5.641731355389120206e-06 5.284861271066522382e-06 4.866931817426865270e-06 4.346559739133564163e-06 4.465409987707015403e-06 4.159951345888341883e-06 4.192670316212935616e-06 3.611226804376202985e-06 3.522937480717321482e-06 3.315418064447142277e-06 3.358482622379672748e-06 3.163685897129798344e-06 3.186478778633325473e-06 2.859169888683784409e-06 2.762395187569124426e-06 2.798255657937394356e-06 2.691629433484516110e-06 2.484879698806600640e-06 2.492060306320776076e-06 2.112847032779602617e-06 1.855291389440405300e-06 1.712488794282410654e-06 1.514217464780591976e-06 1.482189643302288260e-06 1.285134962302855116e-06 1.236749334263590062e-06 1.344187809664887738e-06 1.064209832359899003e-06 8.035891433354432842e-07 8.229522025349470867e-07 8.101593033565574167e-07 6.193780634475052865e-07 8.166193453835640694e-07 6.519386678064838209e-07 6.180282896479650340e-07 6.139938056113594162e-07 4.204892539068806081e-07 4.521049471892910887e-07 5.530670720046855034e-07 4.916216417629463202e-07 4.752538483880417343e-07 5.506751350177285975e-07 6.014648971588091648e-07 5.903286030220138378e-07 4.608583940452337395e-07 3.998909484085748792e-07 3.726194309284492853e-07 2.410384593573982612e-07 2.911273283243304860e-07 2.246372544357723224e-07 2.185280934442602076e-07 1.929892903043862146e-07 2.303140196238139275e-07 1.994569525728824705e-07 2.212847040049857393e-07 1.018479610488016219e-07 2.446515168983531421e-07 7.075770556445468870e-08 -2.203587616911271180e-08 -7.672846257661348564e-09 -1.142056676707657682e-07 -1.536533020757808249e-07 -1.431333543671038434e-07
5.849434973677704769e-05 9.841025250696337865e-05 1.024117506798538825e-04 7.423642121774568609e-05 6.516080956265029450e-05 5.542519192058748716e-05 4.821337434378343654e-05 4.309089572586051079e-05 4.121777495584786071e-05 3.780468624069089934e-05 3.758605127804148734e-05 3.673945396495135248e-05 3.646479639882213537e-05 3.559806292494674092e-05 4.303640153415713308e-05 3.161306117543470330e-05 2.940221195917039695e-05 2.668618926101278118e-05 2.474008471482848538e-05 2.177401527190416896e-05 2.117646919522504626e-05 1.913912143111838956e-05 1.674453655996625167e-05 1.580608795677896633e-05 1.486280491532925310e-05 1.349935055802434827e-05 1.229232862127456444e-05 1.201255326819888701e-05 1.065114508061808039e-05 9.599595797852937044e-06 8.909111195356525506e-06 8.492789282064027332e-06 8.046502500236457848e-06 7.791219165144090472e-06 6.796356902702942899e-06 6.697851053460342998e-06 6.274106878662046412e-06 5.672317149367626005e-06 5.169501641580801742e-06 4.608870795904483038e-06 4.419662114461447255e-06 4.384506785091748553e-06 4.135940639678335541e-06 4.220373700718597513e-06 3.370858899376939270e-06 3.537902089872971528e-06 3.460753098300276440e-06 3.546558484453344549e-06 3.278374933993276410e-06 3.159010181685841026e-06 3.024128117071565192e-06 2.787507269539098775e-06 2.946466197000857795e-06 2.806126320817239291e-06 2.529074398740214198e-06 2.611579379132924418e-06 2.105829591478602523e-06 1.911073985497770110e-06 1.757326046210017297e-06 1.520987197606635216e-06 1.382402499742594370e-06 1.298859501060038663e-06 1.218280628838376141e-06 1.191021112638905561e-06 9.541901102922742491e-07 8.316773273723073348e-07 7.231388364338983067e-07 7.579228416097180677e-07 4.813887170095513579e-07 5.440827572415758423e-07 4.521582357825284206e-07 3.324916374075158530e-07 4.691592683503097373e-07 2.655531288845412173e-07 2.560674157433613911e-07 2.500899328160350383e-07 2.571959263880854480e-07 3.419049639522159252e-07 3.544470069084722631e-07 6.011677393837627092e-07 5.028463477307761563e-07 2.959774327287460495e-07 3.171939783680025969e-07 2.538819665281969666e-07 1.848312525884812059e-07 1.991397835257428175e-07 1.039310297554998459e-07 1.296857078722268139e-07 1.021790043335360769e-07 1.852938842184693789e-07 3.124595060160793734e-07 2.755765200598370667e-07 1.211810341409341817e-07 2.739815910490154903e-07 1.890805146807926279e-07 7.107330606819323506e-08 2.032007129361429922e-07 9.068319240127824608e-08 9.599187199376296796e-08 1.159687689217467091e-07
