2.526747433716611257e-02 1.300712539567884171e-03 9.580864594695367737e-04 6.025671298478462671e-04 3.910088949718829336e-04 2.987352160852609095e-04 2.344825075606420302e-04 1.716322738466248869e-04 1.528622208264285688e-04 7.961024943468828212e-05 7.847136700764457257e-05 9.032694382762517448e-05 6.800851760956228432e-05 5.317067968412294963e-05 5.898289610344781172e-05 6.477115283937999392e-05 5.965403995814086283e-05 5.339340849417304624e-05 6.195467974738871723e-05 5.949205101411271252e-05 7.113526779329382231e-05 6.865265496992466990e-05 6.668609454373952781e-05 6.431260876171050538e-05 5.138800106209300315e-05 4.639266242315123631e-05 5.276768313887582199e-05 3.938980534638225910e-05 3.409604204442281408e-05 3.208133629754076580e-05 3.364450970168124389e-05 1.566611118164329403e-05 1.280961289887822761e-05 1.482333919834591144e-05 1.160293590253399955e-05 1.128420803470606678e-05 9.958327749507101456e-06 1.514176323582208207e-05 5.985615857468644853e-06 1.446167633415259709e-05 1.703391529371909368e-05 1.512788768537614419e-05 1.738434316045666978e-05 1.546718096009034313e-05 1.161644484078271635e-05 1.896190646904475738e-05 2.357455367013344439e-05 2.017498313252102455e-05 2.343160895206116987e-05 1.619013892373793347e-05 1.336228579520210141e-05 1.616881512686171469e-05 1.351612448949375188e-05 1.229666352100386804e-05 1.585798851913946991e-05 5.323818647297505233e-06 1.470222621887610444e-05 1.249573541239276302e-05 3.967244148918795649e-06 5.362981082742638603e-06 3.365462113106273310e-06 3.867955629927415468e-06 -8.199152407457859251e-07 1.452097225233309539e-06 1.224204359103595412e-06 7.421645602911899844e-06 -1.382772534587271362e-07 1.329687915131352923e-05 5.183194478033133670e-06 1.198128237317195814e-05 1.588184133108257664e-05 1.306976536968220611e-05 1.127228178279746186e-05 1.080814693333924158e-05 7.368353969429117729e-06 1.837253031415273224e-05 1.208412690112017123e-05 9.590621481586662238e-06 1.308730027200609035e-05 1.172176215476996977e-05 1.374536921484858478e-05 1.037126427761614620e-05 1.063996996370262164e-05 1.143372310045960500e-05 1.396930986910657997e-05 1.412651988528527160e-05 7.478670648103610241e-06 1.284290118714316769e-05 6.266154562052752745e-06 5.585250485341917952e-06 4.929366258226998873e-06 4.303763513689148842e-06 3.263935956422947040e-06 2.825747101016313828e-06 3.043933832446949743e-06 -2.416837717298824460e-08 4.592399068969820083e-07 3.125397119439876067e-06 9.452008128088933309e-07 1.411933509460457369e-07
1.300712539567884171e-03 4.447397168352477427e-03 7.902733675995986294e-04 5.092175681466894850e-04 3.315166125879699492e-04 2.684504849986019278e-04 1.788225633573378064e-04 1.516424835480737160e-04 1.243087564619747691e-04 8.872498219135645811e-05 7.618248587909261249e-05 6.948286136564415887e-05 6.826607245329768814e-05 5.940577180384722350e-05 6.672318912005874303e-05 5.037275523803917226e-05 5.429411870073703686e-05 5.198063229631824325e-05 4.591799656159657836e-05 4.205708489216282588e-05 4.591707476718935506e-05 3.858895207112705882e-05 3.351725883062485879e-05 3.768031402931943291e-05 3.326413528857929497e-05 2.689689561281379844e-05 3.016494458118580902e-05 2.882039647263292772e-05 1.924070080868561116e-05 2.496288129787896241e-05 2.129309468916663087e-05 2.061345297954765411e-05 1.563035916740825558e-05 1.964125642743068482e-05 1.753747951516586740e-05 1.840556550230820651e-05 1.830643529497038137e-05 1.704274170100089010e-05 1.542078999228868569e-05 1.530566461612313934e-05 9.584264887708772687e-06 1.296463481645598369e-05 8.427999980703687824e-06 7.815793746033556651e-06 9.489297427647566026e-06 7.566735662474770324e-06 9.513797802688795909e-06 8.333337359281609659e-06 1.078686697561832575e-05 1.087914228002455613e-05 1.134019046721180960e-05 1.204090525057395416e-05 9.131772306970253886e-06 1.052645835092857579e-05 8.748406657625094931e-06 8.121715776750720371e-06 5.517870481584589213e-06 7.645776711677336286e-06 6.246902337891196154e-06 5.907558787867213177e-06 7.325400602726073734e-06 8.500131525207378283e-06 2.243031499828353727e-06 6.753059383517467171e-06 5.442586856046472420e-06 6.981295018600171024e-06 6.754684764104420629e-06 5.049658697621964970e-06 4.695171087803593075e-06 4.194293951971809785e-06 2.972465904698296826e-06 4.953609519504044538e-06 3.986976289812573075e-06 3.931644584461956230e-06 4.016486011257590102e-06 3.141324544586265794e-06 1.676341408720001947e-06 2.886297604362588541e-06 3.170667051722898150e-06 1.757701749169271502e-06 2.653174069671662952e-06 1.405752721790765047e-06 4.955439244572605786e-06 2.812091273514919523e-06 2.967747796381155649e-06 4.382229967046583549e-06 4.328062121423861464e-06 4.003783030948483945e-06 2.514717232174837420e-06 3.833927146940634161e-06 3.367259291764137393e-06 3.871702883127985093e-06 1.891852309997415760e-06 2.212045875987912979e-06 6.293993269986993330e-07 -3.878485910767961823e-07 -1.902124932637064477e-07 7.991077781932968890e-07 6.056764601450858691e-07 5.741308244966582364e-07
9.580864594695367737e-04 7.902733675995986294e-04 1.490722033543696997e-03 4.802322719370736952e-04 3.485527611647484922e-04 2.528887367809284719e-04 2.005329043452976057e-04 1.566154252509081401e-04 1.396320010464046019e-04 1.018186955436008303e-04 9.615603175703370817e-05 8.811734369481948178e-05 7.409346698296672416e-05 7.080652997945511000e-05 6.295873458434166775e-05 5.869130890387968668e-05 4.806237803329354712e-05 4.634179177271046085e-05 3.851405646762146978e-05 3.750216863124437926e-05 4.063040256493988831e-05 3.536429122811723307e-05 3.138181343663124114e-05 3.025030312790026292e-05 2.997370727750320944e-05 2.730220595443020072e-05 2.521014757887515004e-05 2.163616647096911768e-05 2.263263014162546344e-05 1.872016579729093576e-05 1.739828535068928698e-05 1.959301935088288230e-05 1.476716281200659249e-05 1.480204732121031652e-05 1.258992678252269673e-05 1.110043589184456842e-05 1.314906357569860877e-05 9.644666595985528990e-06 9.522353814479845061e-06 9.327182222289726268e-06 8.637692076214738903e-06 6.854136530584526746e-06 7.895191437517027624e-06 6.150923282267367873e-06 7.911178970660407350e-06 4.557655016781460615e-06 6.863085131534135530e-06 6.424798879152653702e-06 7.466407483184117363e-06 8.137409717400542186e-06 8.335662688985088142e-06 8.764653662220719805e-06 7.862073471103570618e-06 7.557808335628719668e-06 7.371791463208236628e-06 6.122588856067650682e-06 5.177639753025928404e-06 4.393638483640004228e-06 4.519275222934360547e-06 4.439782778915480232e-06 5.413945598872889875e-06 2.982474322326884896e-06 2.293841086678786502e-06 3.952331518779269070e-06 4.128236242262851787e-06 3.638139386782982739e-06 3.295986815131072845e-06 4.281773577702722671e-06 3.188541467822523431e-06 3.529383052239908923e-06 3.645658028031160955e-06 3.440621792646876517e-06 3.753116058055394817e-06 3.119248452424126475e-06 1.635087904148034022e-06 3.348214084043051119e-06 1.905085437836521678e-06 1.965524409891252295e-06 2.384791529088430342e-06 1.968973569605097743e-06 3.129285011724173564e-06 2.791214985772760117e-06 1.891170036858858941e-06 2.038567783442331591e-06 1.875074023173837792e-06 2.636701892830492697e-06 1.630283277744266132e-06 1.259103940328765929e-06 7.741178616644621117e-07 1.313719676534035880e-06 8.913219398931241485e-07 1.389533737036472689e-06 -1.962457615932846162e-07 5.634272613752577381e-08 -3.703875237917696966e-07 -1.133175245300383184e-06 -1.544973565901859654e-06 -1.931076437989001542e-07 -1.031853618469190304e-06 -1.277367583927686660e-06
6.025671298478462671e-04 5.092175681466894850e-04 4.802322719370736952e-04 6.415362561864523198e-04 2.713037638282542554e-04 1.872185924320972307e-04 1.530800463843029111e-04 1.231486302916874479e-04 1.077322960289964730e-04 8.153569758742480733e-05 6.867079583797537276e-05 6.429820216249266531e-05 5.515016661717299254e-05 5.047090893756271744e-05 4.392171853597547868e-05 4.019175855932749557e-05 3.397981049455813337e-05 3.322110458416797170e-05 3.091912396765735384e-05 2.899949544072550860e-05 2.821256860392210846e-05 2.728510527769692712e-05 2.263178626998346195e-05 2.399925648117737963e-05 2.017393798133502325e-05 1.791840843214329037e-05 1.785744002492786344e-05 1.746193585227772652e-05 1.244040960271411170e-05 1.369947612703730438e-05 1.050833132558130840e-05 9.457678270740146965e-06 9.750179328903694183e-06 8.733334178970249970e-06 7.182966426725754409e-06 7.567130089419405111e-06 6.149311440080879504e-06 4.750530756094666789e-06 4.915624291293439445e-06 4.734254773659167691e-06 3.346174520139650048e-06 2.955280684360611701e-06 3.430392861018631816e-06 3.655511607062495203e-06 3.672673945761916553e-06 2.022267412195250886e-06 3.680487856392904864e-06 4.020642162545004229e-06 4.619411336943176923e-06 4.126504801472857153e-06 3.689115699081198965e-06 4.593629739785835597e-06 2.468971615668665220e-06 3.523692291910741599e-06 3.658830951427897073e-06 2.965279721537643398e-06 1.205475416151808328e-06 2.341126374883401236e-06 1.681710743137295819e-06 2.114394455500569297e-06 2.569751597884974956e-06 2.922668508432263458e-06 3.015872342192062224e-06 3.588840264492402486e-06 3.324059854610675948e-06 2.752637147076974421e-06 3.445416493457675282e-06 3.941988377075393759e-06 3.320895326024871882e-06 3.192745269849218017e-06 3.351327462296543149e-06 3.495128280598107214e-06 2.905059535748671460e-06 2.060460953784900253e-06 1.779711882190309024e-06 2.174227698444987245e-06 1.287067058745476945e-06 2.338066207335478016e-06 2.012999660023060548e-06 1.711089227436666455e-06 1.619019101424157488e-06 1.487274849493880205e-06 2.232257313796686843e-06 1.955868771829241965e-06 1.527852473151062698e-06 2.525517603019624707e-06 2.000399452592576272e-06 1.577887878144063610e-06 1.146131408175635596e-06 1.425905696419361028e-06 1.290078189533303713e-06 9.585982805341204761e-07 1.093411393738219620e-06 8.871842175639853255e-07 9.364994343601517518e-07 7.756898570399585579e-07 7.786210587044426729e-07 1.064301585652061898e-06 1.187732944670539810e-06 8.587456619777954254e-07
3.910088949718829336e-04 3.315166125879699492e-04 3.485527611647484922e-04 2.713037638282542554e-04 3.503382176481393173e-04 1.659578322311821587e-04 1.326617075203581197e-04 1.050556059395300136e-04 8.514116161321516434e-05 6.649809961263019611e-05 5.715576332452665837e-05 5.143970134681095637e-05 4.497537574872261169e-05 4.470337885950777349e-05 3.882810564548650796e-05 3.620250260662250289e-05 2.941091629268760031e-05 2.817304041819942984e-05 2.477589285330167464e-05 2.306264561474082744e-05 2.310265307234735712e-05 2.019541272470621351e-05 1.614108691938390499e-05 1.790088530298787191e-05 1.537986105668376829e-05 1.250699657114416523e-05 1.320377436391127613e-05 9.921983539684780124e-06 9.881905061574538035e-06 8.986000394798990479e-06 7.681630169358516781e-06 8.327505045938184578e-06 6.840848526197771031e-06 6.870569857057323110e-06 5.443658547913479875e-06 5.312572972922205817e-06 5.427650837759063492e-06 4.567357423743444120e-06 3.138653128234314647e-06 3.888349947733038962e-06 2.865804882711355078e-06 2.911323856858097855e-06 2.443691008017514091e-06 2.817386539042033054e-06 2.773611893301359768e-06 2.908995307616161027e-06 3.003659863106424102e-06 3.389775749499049096e-06 3.985582424640773003e-06 3.107368652341170357e-06 3.224218701850858520e-06 3.822436419522206083e-06 2.179854125609685007e-06 3.336317610829847356e-06 3.509845232575140892e-06 3.463735463707641789e-06 2.828809502025109739e-06 2.241303416046946949e-06 1.456164085910572680e-06 2.330475761117851528e-06 2.602915465583365756e-06 3.381804520494496828e-06 2.319611402257018020e-06 3.457455516718677735e-06 2.912703313048496160e-06 2.699314030492175697e-06 3.086406895868274760e-06 2.638666346179691617e-06 1.985163463054442816e-06 2.577373379827204520e-06 2.158999640342861111e-06 2.244355164546479024e-06 1.996553790731048254e-06 7.209572540635554330e-07 8.966245471499975918e-07 1.178931138017539016e-06 4.580677389417614843e-07 4.587641399792982991e-07 3.748974685801567170e-07 1.731363922353103736e-07 3.258638719329756041e-07 3.202454916618451026e-07 3.058108895786518869e-07 3.105720690717327806e-07 2.684267564094845924e-07 5.777184672927326397e-07 5.782535703657892323e-07 4.100290614390706005e-07 3.677603575205664418e-08 5.730607169684008581e-08 2.745782056945086389e-07 4.302350469020239630e-07 -8.904953529010723661e-08 4.092666914818695515e-07 3.416176236752241371e-07 -9.854772181736711098e-08 -2.644415650623865873e-07 1.069890267405610325e-07 -9.134478010260727932e-08 1.328285991861985468e-07
2.987352160852609095e-04 2.684504849986019278e-04 2.528887367809284719e-04 1.872185924320972307e-04 1.659578322311821587e-04 2.203299500606750803e-04 1.162803233673819484e-04 9.108053444889104250e-05 7.839909411557399645e-05 6.041478965331109754e-05 5.065019539314544119e-05 4.734368641283748924e-05 4.105067868143361131e-05 3.628621080725388023e-05 3.511246401215583880e-05 2.980550920961968440e-05 2.338315621778766769e-05 2.435687327187385575e-05 2.204850783886022777e-05 2.093151417585029710e-05 1.975045235034455542e-05 1.784058179719323178e-05 1.484556208042940704e-05 1.620315808586549110e-05 1.468107291679170511e-05 1.134004035246515376e-05 1.160624667621069125e-05 1.134148859388837597e-05 8.190455502481988346e-06 7.762286880005277059e-06 6.625997357700749730e-06 6.299237569322522182e-06 4.982618215471919385e-06 4.332515479248785810e-06 4.006006185470014501e-06 4.073321688099523338e-06 3.707207247916167333e-06 2.708251647870475445e-06 1.940960545046228149e-06 2.260780370782477354e-06 1.658708013597073577e-06 2.135057454147006099e-06 1.950359766785315110e-06 2.119846403636584959e-06 2.006803707244126328e-06 1.312444117248858039e-06 1.697425556501107867e-06 1.500684452694239445e-06 1.949727109396805420e-06 1.551722423059772391e-06 1.645227506249258690e-06 1.863581719454887084e-06 9.902026196735745066e-07 2.229591111676131611e-06 2.675546034304274100e-06 2.030800841387296160e-06 1.426531286909355523e-06 1.406239122662338064e-06 6.214399330489725928e-07 7.647044275870442608e-07 9.604292460798529154e-07 1.489262958542707316e-06 8.259975326817270086e-07 1.468389630801155806e-06 1.571876278248228367e-06 1.138614781271861506e-06 7.976704571384726140e-07 1.261182445036565615e-06 1.139994574369642109e-06 1.317256166351486585e-06 7.939426918241678173e-07 1.167963830501146574e-06 8.524578729963800575e-07 4.650870941525125018e-07 3.793635883829122776e-07 3.208872079787404724e-07 2.984157214630976720e-07 -1.509926464237577131e-07 -2.909276634129097464e-08 -3.208067848643616326e-08 2.878288121690182603e-07 2.130927223772073412e-07 3.524136327617812617e-07 3.653203161491929685e-07 5.420316584390175963e-08 3.101376515587307241e-07 2.688512502389160289e-07 1.452381644863970556e-07 -1.571637296135744542e-07 1.168719712535903253e-07 3.961114509291115354e-07 5.087389182728376045e-07 -3.850671256264317326e-08 4.354038357656702804e-07 2.223411590201605091e-07 -5.391326292396970281e-08 -8.285584630809334015e-08 3.285599589851159193e-07 4.228970777321135848e-08 -2.230105641761087419e-08
2.344825075606420302e-04 1.788225633573378064e-04 2.005329043452976057e-04 1.530800463843029111e-04 1.326617075203581197e-04 1.162803233673819484e-04 1.458474967949300921e-04 8.082805748393639955e-05 6.763657022298230441e-05 5.109164547654265412e-05 4.511846768448826809e-05 4.233719504623102248e-05 3.272933920163880725e-05 3.096189563273344097e-05 2.926154986258401307e-05 2.559606472853798322e-05 2.265214301695973799e-05 2.045492748693517900e-05 1.868510848389568949e-05 1.732036077306540716e-05 1.748158177234597653e-05 1.506261118953934509e-05 1.381491118920511951e-05 1.335407963123494501e-05 1.222045572165367304e-05 1.045507839244266920e-05 1.004194328325388281e-05 9.806387722839457900e-06 8.418374003694362436e-06 7.385135506507384247e-06 6.693264202176261936e-06 5.881301447210046996e-06 5.543355517278902160e-06 5.334040010383477399e-06 4.649335776380001715e-06 4.027753371237374363e-06 3.390209465598416164e-06 3.083467825365933758e-06 2.640722558292441367e-06 2.831116030268307223e-06 2.506652457288399771e-06 2.133257784676178501e-06 1.982728149989703818e-06 2.408653191851228348e-06 2.253783510084900683e-06 1.897009829112746418e-06 2.377131529069838283e-06 2.237470283244023897e-06 2.394931810202416436e-06 2.577574161269675251e-06 2.291167787771600760e-06 2.658439321167954827e-06 2.161616634051426939e-06 2.937061407164496431e-06 2.992455541634247810e-06 2.866635072163012724e-06 2.489887423168038935e-06 2.226315862319389778e-06 1.627879215911819110e-06 1.787445613950516659e-06 1.865547172824824998e-06 2.143273811562856631e-06 1.564144301287694595e-06 1.829935914475943883e-06 1.838870529661753822e-06 1.875413262062459055e-06 1.622417644198778273e-06 2.012479307057552295e-06 1.604791941754919132e-06 1.864103923192284962e-06 1.321572945997142839e-06 1.438809082400282581e-06 1.160282197518432272e-06 6.694228238083447089e-07 5.467321303099262553e-07 4.389140804689266852e-07 4.602959072632998621e-07 3.323085286448432146e-07 6.757119518205519347e-07 3.699270838462990836e-07 5.004664979407257290e-07 6.445116566300449874e-07 5.666774774940341329e-07 4.946791563317077261e-07 3.462103403724938463e-07 5.524965900122539420e-07 6.263491031370925693e-07 3.901961975218571133e-07 1.438457240395259797e-07 3.233075325532434824e-07 5.265456462039101011e-07 4.920358917836171534e-07 7.049768846867784194e-08 3.789968324494209000e-07 3.196586059431736356e-07 2.114420069448339028e-07 1.708567572049245846e-07 2.703807192043744164e-07 3.177992455626246030e-07 -2.054017707228950159e-09
1.716322738466248869e-04 1.516424835480737160e-04 1.566154252509081401e-04 1.231486302916874479e-04 1.050556059395300136e-04 9.108053444889104250e-05 8.082805748393639955e-05 1.040316058464139243e-04 6.230782216788331945e-05 4.763485634078871712e-05 4.088975549242940689e-05 3.881489707472493333e-05 3.141762348161808042e-05 2.862331678950099018e-05 2.599895141009879299e-05 2.340714476253117040e-05 2.063998606177842656e-05 1.864989959801446602e-05 1.747877236581986846e-05 1.532920124084865329e-05 1.475969930436318774e-05 1.393148168635565240e-05 1.143067314925313283e-05 1.175841598343967532e-05 1.074690818262144754e-05 9.236448087623518570e-06 8.592740318817323951e-06 7.636953904900259198e-06 6.387601161055500060e-06 5.290237806588226164e-06 4.949642290616655125e-06 4.454904105204402890e-06 3.472886871402322170e-06 3.417141915665452347e-06 2.588747553770569067e-06 2.851177399831025910e-06 2.428257936321845406e-06 1.842374501419663819e-06 1.417683569947654958e-06 1.540593267289846150e-06 1.338759982933145380e-06 1.141662846118165670e-06 1.252052394984931546e-06 1.158538632512930711e-06 1.265323731703956998e-06 1.107591731456851839e-06 1.138083615107358801e-06 1.276096789609539359e-06 1.675473611567449583e-06 1.392885665091542476e-06 1.465658670317234382e-06 1.728558225134265980e-06 1.210590432573442915e-06 1.570092147027308983e-06 1.741567685656874861e-06 1.718187040152671248e-06 1.407930636646491186e-06 1.355069431134411977e-06 1.265263402925244364e-06 1.237170281490615956e-06 1.253669177501196444e-06 1.334412162088377251e-06 9.950025923925511544e-07 1.325673062775015640e-06 1.405026952756584264e-06 1.287296695719212415e-06 1.287376670806823468e-06 1.451841633941990797e-06 1.199604622808092678e-06 1.312009215242499145e-06 9.074451831423956477e-07 1.129816690193921151e-06 7.464641740839552875e-07 4.248492815334102453e-07 4.258399690438509489e-07 5.556252230389775336e-07 5.263488299655180721e-07 3.651160209838565003e-07 4.411085637897225781e-07 4.736326032960715317e-07 4.629521169385803203e-07 5.178954533411211006e-07 4.746155392073043936e-07 4.932265483383034254e-07 2.591889886315247518e-07 5.308737509311502401e-07 3.785842411777312006e-07 2.648494744875782540e-07 4.850408460810490417e-07 3.295458240271463754e-07 3.228741481801246175e-07 1.723367298651915994e-07 -1.344585913831278501e-07 2.384140495305422354e-07 1.770241356392725182e-07 -5.283524990064611562e-08 -1.820358265663272944e-07 -1.427146447569343406e-07 4.345975480995042159e-08 -2.218766409818026521e-07
1.528622208264285688e-04 1.243087564619747691e-04 1.396320010464046019e-04 1.077322960289964730e-04 8.514116161321516434e-05 7.839909411557399645e-05 6.763657022298230441e-05 6.230782216788331945e-05 8.143684703982852040e-05 4.599878809250185045e-05 4.168132219804411310e-05 3.751999275441470362e-05 2.950858295785716405e-05 2.730691042570233541e-05 2.530855379552403517e-05 2.199015159282428642e-05 1.908665533412093313e-05 1.816486490783497226e-05 1.676627662435908840e-05 1.540940848433627216e-05 1.488067234013744521e-05 1.335167013243009376e-05 1.152897149895737319e-05 1.134166409075075087e-05 1.058935384033745544e-05 9.417532427262459974e-06 9.217253771179178756e-06 8.291489791546830987e-06 6.910028145305221378e-06 6.354467284819385168e-06 5.825439553578124514e-06 4.977964767590605808e-06 4.757769730270839307e-06 4.749303929539102334e-06 4.182625726576331302e-06 3.936274615735829208e-06 3.653669757100724650e-06 2.918002983322885331e-06 2.603289835309127847e-06 2.652309924632496019e-06 2.224457673126307996e-06 2.185029321146639400e-06 2.259913125367989889e-06 2.467691012441939978e-06 2.190043035505103680e-06 1.922661392599561637e-06 2.162747156656421332e-06 2.228239450062116595e-06 2.582144851221291149e-06 2.033089530363632507e-06 1.758361480034709927e-06 2.108044214847287966e-06 1.758729486913682808e-06 2.312401840476013866e-06 2.131815162973923367e-06 1.969428299628381130e-06 1.794466061037764493e-06 1.339430037968309483e-06 1.189391196700974433e-06 1.615084216419680395e-06 1.093614955193242452e-06 1.436201019414361000e-06 1.295403694722766834e-06 1.444475700110033015e-06 1.650419525811383979e-06 1.212406188279568549e-06 1.068064448614097389e-06 1.329576279887587376e-06 1.167918570622900505e-06 1.165502848083172132e-06 9.481784455068963140e-07 9.150751087618411805e-07 6.972779094970896423e-07 3.824019910313273075e-07 4.234750712978459983e-07 5.013562095823164603e-07 4.960168224000076334e-07 2.530560665280256627e-07 4.309904474591924990e-07 3.217414928971846897e-07 4.387287095125803872e-07 5.668080156394432545e-07 5.352916874421057790e-07 3.602289635359602965e-07 2.164893410067084679e-07 3.924414606146529400e-07 2.987122461739275226e-07 3.179751674880234163e-07 2.078536726221288692e-07 3.153456148185322999e-07 3.379719884668098231e-07 1.683506613338630763e-07 4.253307617013919900e-08 2.543424212353985365e-07 1.419420498320932784e-07 -1.678570169114591639e-08 3.912027533976615769e-08 4.583654844477821518e-08 1.271812121314748466e-07 9.932841347019156616e-08
7.961024943468828212e-05 8.872498219135645811e-05 1.018186955436008303e-04 8.153569758742480733e-05 6.649809961263019611e-05 6.041478965331109754e-05 5.109164547654265412e-05 4.763485634078871712e-05 4.599878809250185045e-05 5.700239301884127462e-05 3.679181476277762518e-05 3.212772997506633442e-05 2.738863419726209495e-05 2.405425141244982252e-05 2.173926668532408891e-05 1.979084960758591933e-05 1.745487897289987924e-05 1.654789849175468362e-05 1.575529584803450720e-05 1.446731979740124807e-05 1.288188332183068968e-05 1.231818492415950648e-05 1.088916124446727196e-05 1.054601273817597084e-05 1.006355805597947044e-05 8.937480494508263975e-06 8.836386021762875792e-06 7.868330224214104584e-06 7.073310696545820776e-06 6.422841716876380803e-06 5.837540553674846873e-06 5.293809457056131109e-06 4.985484840339222315e-06 4.942944386143176101e-06 3.967758871232437629e-06 4.011808065614086390e-06 3.564934171939579267e-06 3.140054848140555714e-06 3.118721896602668295e-06 2.620076426445179287e-06 2.375671859266209390e-06 2.448915461597392472e-06 2.280106659474101391e-06 2.410973814806280459e-06 2.048949789028660276e-06 1.699748254482296248e-06 1.924045308434196024e-06 1.817981043238566144e-06 2.242199239331742352e-06 1.958281017708542233e-06 1.792301447288285794e-06 1.984015917448205803e-06 1.970528463762981061e-06 2.116911912492580174e-06 2.117657314294853885e-06 1.749000513262534857e-06 1.757113567693832068e-06 1.582024467776128010e-06 1.205912550070067375e-06 1.467799682099790287e-06 1.328558688754652078e-06 1.349197544793940415e-06 1.456726174149161271e-06 1.420351541469073785e-06 1.497518154044101464e-06 1.426001165545719904e-06 1.206494827048025695e-06 1.382442304363632333e-06 1.098878330382159806e-06 1.198588642980451157e-06 1.121403396605029712e-06 1.043193942676198755e-06 1.004631250564786268e-06 6.558446679477221530e-07 6.746804112835809784e-07 5.324006814977888867e-07 6.020832635649547564e-07 5.212254802134913501e-07 4.641595481717947956e-07 5.218097812804206714e-07 5.124043516957345091e-07 6.049525511174753864e-07 5.938516665057010585e-07 5.717682569353301140e-07 4.603186175575345504e-07 3.718780856908648016e-07 4.805938524091626941e-07 4.034638660385510461e-07 3.642768754328325886e-07 3.628185264286625849e-07 4.737974110013398467e-07 4.527269483373986319e-07 2.919974508391706107e-07 4.280777999879840097e-07 3.205880866812484091e-07 2.544653516179534676e-07 2.174821281222288157e-07 1.209673642034354705e-08 1.382492665084118014e-07 3.109476944827747410e-08
7.847136700764457257e-05 7.618248587909261249e-05 9.615603175703370817e-05 6.867079583797537276e-05 5.715576332452665837e-05 5.065019539314544119e-05 4.511846768448826809e-05 4.088975549242940689e-05 4.168132219804411310e-05 3.679181476277762518e-05 4.954756884220117203e-05 3.328287291004087829e-05 2.710063761948649800e-05 2.443611361878859336e-05 2.242159185568657904e-05 1.950530655599040810e-05 1.717953288406565254e-05 1.653947761433996949e-05 1.479549383471400507e-05 1.347108086207394418e-05 1.339067773255847304e-05 1.161439957044033606e-05 1.050438197057172373e-05 9.897038057507307249e-06 9.892115482887527643e-06 8.420746349072616140e-06 8.261525050616182203e-06 7.542086354355135096e-06 6.298776700063083116e-06 5.748476638264042466e-06 5.683448711504386802e-06 5.526353833035919985e-06 5.023180024762205132e-06 5.211762598744731562e-06 4.122985305714975969e-06 4.059520145702223738e-06 3.813966256041270221e-06 3.196374511607724520e-06 3.224556201426723605e-06 3.033313613790471024e-06 2.655980375138122831e-06 2.803464405285341130e-06 2.654783699785154468e-06 2.588495939023105851e-06 2.340291043136964882e-06 2.186037460463000336e-06 2.208688821547298187e-06 2.328829830657613134e-06 2.321866955380126196e-06 2.346317539530817418e-06 2.124296194456279808e-06 2.308090238262146460e-06 2.222747274990773253e-06 2.252109575002711043e-06 2.334811171578904291e-06 2.096040643059350405e-06 2.046588876381754689e-06 1.749841466368298000e-06 1.689669373815376008e-06 1.852668955823666061e-06 1.882743005707661542e-06 1.873703053209479414e-06 1.690630627009293847e-06 1.611358788131016881e-06 1.677628084392193678e-06 1.588286835522123705e-06 1.401228842202325932e-06 1.518280161265384173e-06 1.360738019991211198e-06 1.327737893341355478e-06 1.087614059992352503e-06 1.056600728607023480e-06 1.039452402595053018e-06 5.609246377515879068e-07 5.793999684533068373e-07 5.165324998428878786e-07 5.626353187720008868e-07 3.784426458638126223e-07 4.640092711666589070e-07 5.382896047127384981e-07 5.245107825505811110e-07 4.900741982245030934e-07 5.800534208496243132e-07 4.436927856783607509e-07 2.828942301161378048e-07 2.917967367936360142e-07 2.990916853490918555e-07 2.288973281560306821e-07 3.200468606537113905e-07 3.650841362744210517e-07 4.055529478359039120e-07 3.010887118462200480e-07 2.538304577377414579e-07 3.169892278446788673e-07 2.721413706872121704e-07 1.619971679610230033e-07 1.514419441106362895e-07 6.282299688925088734e-08 1.167554103819237750e-07 9.313174908906283349e-08
9.032694382762517448e-05 6.948286136564415887e-05 8.811734369481948178e-05 6.429820216249266531e-05 5.143970134681095637e-05 4.734368641283748924e-05 4.233719504623102248e-05 3.881489707472493333e-05 3.751999275441470362e-05 3.212772997506633442e-05 3.328287291004087829e-05 4.477628395030943873e-05 2.737564671877717174e-05 2.507246238498110979e-05 2.309889034094486540e-05 1.994987969653561560e-05 1.792273101069379282e-05 1.735412401518542311e-05 1.551788668469733225e-05 1.379286427472874936e-05 1.343542683485514570e-05 1.190877542798317499e-05 1.040825158180445891e-05 9.804208209680136650e-06 9.689534985079370694e-06 8.435397455220744762e-06 8.392941362815928676e-06 7.430893198017086743e-06 6.434148181214821233e-06 5.835394192867860815e-06 5.689000159694714740e-06 5.088700762470466759e-06 5.003807641421085843e-06 4.917878729265864356e-06 4.047361903227282624e-06 4.123958124125675081e-06 3.710845300609044757e-06 3.167477075557778517e-06 3.174174687925293930e-06 2.871643511901933105e-06 2.590289524899541906e-06 2.666913142412153803e-06 2.664254361680535481e-06 2.667813833053540733e-06 2.213020216864695585e-06 2.086998238318139065e-06 2.100713827973284830e-06 1.985615374676486426e-06 2.147542644365396336e-06 2.048517718313978235e-06 2.047739944640316621e-06 2.022217979131518369e-06 2.108376371942398642e-06 2.004031822998343761e-06 2.269264888116094470e-06 2.143322890550975562e-06 1.850067562976278256e-06 1.852713114744032250e-06 1.471872269722541692e-06 1.654586471174833693e-06 1.599070851538185148e-06 1.588950771097516986e-06 1.623668606052985569e-06 1.607706971086049295e-06 1.664430416075983841e-06 1.539196262194585079e-06 1.418159868213498187e-06 1.568059391095074831e-06 1.308061663950517476e-06 1.513359942023407697e-06 1.286310005579901255e-06 1.244993690436843821e-06 1.223079219789468261e-06 1.032330170254632306e-06 9.702009476147197484e-07 9.097112293427915033e-07 9.783978618693749195e-07 8.833474157100356634e-07 9.663751908550928599e-07 8.564415245067179069e-07 8.433090720954103413e-07 9.328337979158422827e-07 7.866412129611821885e-07 7.220849533707516003e-07 6.592401399856293423e-07 5.565857907194188685e-07 5.239156816848628766e-07 4.821660504023735789e-07 2.566256399900758995e-07 2.570890345206092905e-07 3.926322707892223844e-07 2.645410092461523992e-07 2.784662809235337173e-07 3.933990935348395862e-07 2.160576010884937639e-07 2.248772687322497675e-07 1.087275076635898747e-07 -2.288803446666753857e-08 7.564994469523875470e-08 5.583724701041873186e-08
6.800851760956228432e-05 6.826607245329768814e-05 7.409346698296672416e-05 5.515016661717299254e-05 4.497537574872261169e-05 4.105067868143361131e-05 3.272933920163880725e-05 3.141762348161808042e-05 2.950858295785716405e-05 2.738863419726209495e-05 2.710063761948649800e-05 2.737564671877717174e-05 3.444774771045055903e-05 2.346197963472689278e-05 2.249568813554660591e-05 1.946395841859695076e-05 1.719534852376812111e-05 1.611897644695564424e-05 1.481179978016197626e-05 1.321229404336747106e-05 1.321061182045103095e-05 1.180337340250915427e-05 1.021026858359995466e-05 9.739885490022546539e-06 9.314512992027257566e-06 7.793699319844021943e-06 7.561414547309144659e-06 7.038818795226778616e-06 6.406364248119240313e-06 5.737018733116716442e-06 5.447547770823390779e-06 5.033491744152414132e-06 4.476490904777479977e-06 4.334856811807389184e-06 3.709728289478887706e-06 4.046512464150221750e-06 3.335027643124892731e-06 2.876585494675128687e-06 2.684112525613460508e-06 2.409971916819192657e-06 2.085645562494294427e-06 2.226677633427170859e-06 2.302017277673371326e-06 2.389930609732316045e-06 1.951326076429585462e-06 1.842464494773913350e-06 1.749611402166427586e-06 1.855128756044768183e-06 1.789229003491101892e-06 1.715793402393679043e-06 1.561345814393119370e-06 1.673370149077369650e-06 1.835111914455795874e-06 1.851042821059581727e-06 1.844554165410356921e-06 1.821516288843032890e-06 1.467875733341578019e-06 1.608717248242703359e-06 1.407983744481801884e-06 1.347334870677203125e-06 1.414594775349281633e-06 1.355269109134057611e-06 1.352038428748519406e-06 1.273864642471685176e-06 1.282207908130808224e-06 1.269412849562356180e-06 1.198443870898516390e-06 1.180342277174825583e-06 1.062895815357895965e-06 1.125399659949224917e-06 9.488164719507633073e-07 1.010233716530319064e-06 8.310042485267477876e-07 6.820522373311664413e-07 6.924379322045244574e-07 6.233964746691433805e-07 6.378276556759058269e-07 4.999669872405491765e-07 4.509459754556647179e-07 5.843240749065537826e-07 5.120771705044297406e-07 5.263936683617705861e-07 6.142645623267200640e-07 5.405075013409915903e-07 4.066766125405599938e-07 3.727216520285249749e-07 3.360366787504185726e-07 4.010975017634131656e-07 2.796572532602098899e-07 3.094681103945051758e-07 4.198857573399975929e-07 4.611224566723635348e-07 3.297229381018036531e-07 4.461353631469629270e-07 3.219318690736158204e-07 2.519865355602821182e-07 2.357748998383051292e-07 1.646904416083027323e-07 2.438302520363143617e-07 2.815919828528217942e-07
5.317067968412294963e-05 5.940577180384722350e-05 7.080652997945511000e-05 5.047090893756271744e-05 4.470337885950777349e-05 3.628621080725388023e-05 3.096189563273344097e-05 2.862331678950099018e-05 2.730691042570233541e-05 2.405425141244982252e-05 2.443611361878859336e-05 2.507246238498110979e-05 2.346197963472689278e-05 3.003592186205472994e-05 2.181607497776627723e-05 1.892149242901538421e-05 1.685172655529953439e-05 1.553875057606904977e-05 1.435749066926760661e-05 1.303898691077037240e-05 1.245423267614706828e-05 1.122314066060833299e-05 9.799163234394516142e-06 9.627313317861802716e-06 9.071837832492172862e-06 7.811913542160726944e-06 7.409226736184580905e-06 6.990109537671975349e-06 6.511454527244704583e-06 5.853998748820604984e-06 5.238641987351053723e-06 5.076237960293574258e-06 4.859425651855915350e-06 4.439967829150023013e-06 3.795361955166892031e-06 4.152577908862651143e-06 3.814439750729810200e-06 3.422179539826379774e-06 3.199307105556069777e-06 3.200345386488199912e-06 2.661221141011880020e-06 2.854798353919611840e-06 2.744696197138451164e-06 2.852403333468170905e-06 2.517101007267240966e-06 2.079262394603889070e-06 2.231709129921604174e-06 2.144472365862889815e-06 2.271364766157341302e-06 2.148343939074439453e-06 1.996752548447598799e-06 2.191395496480083520e-06 2.196858164682169369e-06 2.101498519059327821e-06 2.219917745139324229e-06 2.152275757072674753e-06 1.921737299863765286e-06 1.824550580400378236e-06 1.721391943594830837e-06 1.745174972454555876e-06 1.714893069980160733e-06 1.787635312534828911e-06 1.635655332347382854e-06 1.553908736740935073e-06 1.450853630983082410e-06 1.409910584743820187e-06 1.354213325610554946e-06 1.352242761142441879e-06 1.282071272267195008e-06 1.274529419111793660e-06 1.125823394308075871e-06 1.134044275204685146e-06 1.205365558550164555e-06 9.838571756756811396e-07 1.034486943664806484e-06 9.674112555980943098e-07 8.975296869798408212e-07 8.387641210115776645e-07 8.310741544955812134e-07 7.526109246652902005e-07 8.258601852179498302e-07 7.614134085338582525e-07 6.665843777534250859e-07 6.927560771679414087e-07 5.871427341269777231e-07 5.715351804644475210e-07 4.823242993493007944e-07 5.169998844696374043e-07 4.553182477559472829e-07 4.266273343434450394e-07 4.197999305037091041e-07 4.851036313775697658e-07 3.894768182732064163e-07 3.642606878406661824e-07 2.896953812209803941e-07 2.326084915803221991e-07 2.300652289770184073e-07 1.386285774321794147e-07 1.548608362117494093e-07 1.608210678210708972e-07
5.898289610344781172e-05 6.672318912005874303e-05 6.295873458434166775e-05 4.392171853597547868e-05 3.882810564548650796e-05 3.511246401215583880e-05 2.926154986258401307e-05 2.599895141009879299e-05 2.530855379552403517e-05 2.173926668532408891e-05 2.242159185568657904e-05 2.309889034094486540e-05 2.249568813554660591e-05 2.181607497776627723e-05 2.937184843532074193e-05 1.993203856822415717e-05 1.787871534417024874e-05 1.643849806994106537e-05 1.519352545571685076e-05 1.344215207630009279e-05 1.291408135523859644e-05 1.173739966165785660e-05 1.027105386706371155e-05 9.882638729270086864e-06 9.417412724605874860e-06 8.225809092229515891e-06 7.675156517224148990e-06 7.224853951581695209e-06 6.646797738815260412e-06 5.731556774958784125e-06 5.404071269534418842e-06 4.908129904794108337e-06 4.721398080506463911e-06 4.467303551010716082e-06 3.870440237611931740e-06 3.946957604169009772e-06 3.529113075086143580e-06 3.479031175205667401e-06 3.098707929743427202e-06 3.072675473915914195e-06 2.850359683498391886e-06 2.925879101626546155e-06 2.881281047193653982e-06 2.916367376944412903e-06 2.415917214058628658e-06 2.329106358902227149e-06 2.416763741404569579e-06 2.322113504214146484e-06 2.366587257260117644e-06 2.105328471494885384e-06 2.122745501115952257e-06 2.103397289601825235e-06 2.284148608474296954e-06 2.117741968459258566e-06 2.038291529031031592e-06 2.114644156459666705e-06 1.817444084703823597e-06 1.769211469904081814e-06 1.622471707455904361e-06 1.545214305330626556e-06 1.485355192829234333e-06 1.598628523857386076e-06 1.413077082045673870e-06 1.370578784076739455e-06 1.306568284234647874e-06 1.285131897953901579e-06 1.167998703475530580e-06 1.341883826620686478e-06 1.138882095597376306e-06 1.060303647733959799e-06 9.791121534880728899e-07 9.279040578894213779e-07 9.714156489591444695e-07 7.711159508370367525e-07 8.668761266569148340e-07 7.365270838479457823e-07 7.443701046323339124e-07 7.042853864597967017e-07 6.245722822397346298e-07 7.856010446990903006e-07 7.061373402549310111e-07 6.475079944881502045e-07 6.394139451014304449e-07 5.113171273603384659e-07 5.169452071827784447e-07 5.116346764526833164e-07 3.465311281264723776e-07 4.261369027624923504e-07 3.786132961931953165e-07 4.338133682641827798e-07 4.828358254359342913e-07 4.921068329787045630e-07 4.096638736860675679e-07 3.792302312564538155e-07 3.872908608790637813e-07 3.286634892300856310e-07 3.423087853949628730e-07 2.891445258337622804e-07 2.936652050489465718e-07 2.672802155446357075e-07
