3.136720593046194577e-02 1.276417311621986421e-03 1.165542848145327071e-03 9.508389749665779227e-04 4.712903524932025097e-04 4.319556390024404053e-04 2.146258471629422537e-04 2.466312892878958613e-04 1.769437237625411813e-04 1.638547460021031702e-04 1.142702633983355476e-04 9.972539430657458579e-05 6.073078002021172058e-05 8.633558314991761568e-05 7.149259510674904855e-05 7.211120774709788679e-05 6.158900733495453912e-05 6.531516820648019172e-05 6.371236959069671347e-05 6.171452517249345041e-05 7.483268777486528993e-05 7.382952077916457112e-05 5.165092279041154312e-05 4.646192224149312851e-05 4.788201840058877834e-05 4.564990826424150276e-05 4.181434898197031197e-05 3.237908640000267444e-05 2.774054374628977322e-05 2.110315948329049705e-05 1.419989133249913755e-05 6.877987843911354187e-06 9.084281291322215143e-06 7.840183878857499822e-06 3.834214128139962102e-06 3.169958612500572687e-06 4.699422823153515986e-06 1.239315357208961685e-05 7.536357731556015768e-06 1.589528983040399643e-05 1.217516202988315565e-05 1.031052773751122074e-05 1.299007175215479650e-05 1.301537813275119521e-05 1.614557896057442721e-05 1.884446262302571105e-05 2.456314160858464552e-05 2.129723880418361444e-05 2.303091426332200273e-05 2.286297628421660183e-05 2.542891398855076887e-05 2.121144945811654872e-05 1.417107144268487961e-05 1.643549007496081129e-05 1.488886947307254539e-05 7.206626711973474399e-06 1.399162663470709109e-05 1.311694777509652101e-05 1.055826155930961615e-05 1.340908538366464483e-05 9.059690659933128710e-06 3.679253783950842796e-07 6.716726708268320029e-06 7.436489659220994014e-06 7.463694830434037778e-06 1.083424407689393461e-05 6.891372092256141683e-06 1.341659280099549806e-05 1.100439831932401338e-05 1.582993146713394106e-05 2.104043610863628297e-05 1.853906776845582830e-05 1.448476929062278858e-05 1.435085313062942099e-05 1.345352294357809737e-05 2.134395055660693290e-05 2.153386081097219447e-05 1.664007456171683009e-05 2.183253181279517374e-05 1.638794162131895993e-05 2.127380211971193383e-05 1.888973415203609119e-05 2.246771138018282215e-05 1.701479710908079818e-05 1.776565131282782520e-05 2.074308988067244188e-05 1.310851187480674258e-05 1.803846157170800837e-05 1.435281110801532462e-05 1.080489165139273189e-05 1.287053218224385222e-05 1.052019468251235209e-05 1.186411236257906666e-05 8.939564085515619429e-06 7.489562966194391478e-06 2.630282770058864986e-06 2.801392016435334093e-06 6.367855900702447980e-06 5.445121580262980547e-06 2.458449477951438073e-06
1.276417311621986421e-03 5.504018679660114925e-03 1.142705788499085622e-03 7.732624745248621503e-04 5.197210077232343852e-04 3.873674156179130303e-04 2.758571570534567858e-04 2.294400294022721468e-04 1.977952954729199071e-04 1.475894442422351197e-04 1.267408920006161347e-04 1.136874337137955070e-04 8.464998941959398014e-05 9.134104370171443939e-05 8.208835245370846192e-05 6.838229562275947729e-05 7.309661881466568043e-05 6.802282303863447198e-05 6.224610268548920781e-05 6.288698338854638260e-05 6.156220381082042504e-05 4.610718119245510064e-05 4.067862836903001920e-05 4.363830835263878319e-05 3.952295269421812345e-05 3.351713183866235368e-05 3.398311006125777914e-05 3.712263580933316252e-05 2.802419912627899796e-05 3.186324172438270079e-05 3.014567227779006085e-05 3.072637557956787703e-05 2.498856560133315581e-05 2.404794106727256903e-05 2.483173966843079343e-05 2.375582030022394534e-05 2.284620952949190258e-05 1.724592369342848919e-05 1.330662989080369832e-05 1.520359913606822156e-05 8.353703670777292626e-06 1.110751044110170328e-05 7.507397709567321022e-06 5.814533157811207561e-06 8.915357190031289548e-06 8.748509867230753453e-06 8.326600963118369712e-06 1.094236450059948420e-05 1.147076792534201914e-05 1.393697752837687158e-05 1.239948964250257339e-05 1.505700917592777376e-05 9.516838438941596529e-06 1.168576348220356264e-05 1.092340721808763490e-05 8.570115917940344155e-06 7.443589703751510288e-06 7.602849117463618033e-06 6.989358817428990374e-06 7.527579329494429667e-06 7.279268926268477318e-06 7.631604873365150941e-06 3.574853380080806246e-06 7.107144171509013791e-06 5.001906696483500872e-06 9.243220901671223827e-06 4.728798886226788758e-06 6.221803480337641949e-06 4.209003208555370334e-06 3.403320209575087965e-06 4.037369156273590805e-06 4.938062570742282666e-06 5.689997542176632125e-06 4.024953431226748766e-06 3.734627858020790255e-06 3.280910935476946219e-06 8.997122291829337455e-07 4.500945363848754847e-06 2.215434797315819533e-06 2.056993097214815400e-06 3.655141687261651525e-06 4.371001965848934098e-06 5.876294296929514076e-06 3.254854956742116942e-06 4.833639652501888228e-06 4.514890637636389815e-06 4.480508277625732865e-06 3.653298017746016364e-06 1.480192937302480265e-06 2.206089286678112377e-06 1.779271847413457216e-06 2.469930937167478054e-06 1.410117641371084707e-06 1.128738521376036852e-06 -6.980021144050526069e-07 -1.710017587987529499e-07 5.115707306575892859e-07 1.174128866715455069e-06 6.153572662269307752e-07 2.172662585759513990e-07
1.165542848145327071e-03 1.142705788499085622e-03 1.857139829551195586e-03 6.291644747869528992e-04 4.531237314604875488e-04 3.314201381497210142e-04 2.520659318953100440e-04 2.132620057826369617e-04 2.002993370452809817e-04 1.475910189418416698e-04 1.378770990826567468e-04 1.147270283762775387e-04 9.459723322311583036e-05 1.026441854996860753e-04 8.746370262638399474e-05 7.773921157944196393e-05 6.647415451627562981e-05 6.519087477212808402e-05 5.700546638025208587e-05 5.068689363108004576e-05 4.904445205413267945e-05 4.206150850418833767e-05 3.790525164629366420e-05 3.759939571380044906e-05 3.689727436192735834e-05 3.481996412990596371e-05 3.148871205848966643e-05 2.825816480403063775e-05 2.982877103123094715e-05 2.732813245668722676e-05 2.411921616099997872e-05 2.433531936836899013e-05 2.296935305304269607e-05 2.183904437477853240e-05 1.780059895830682340e-05 1.686966502566959066e-05 1.790470964358480447e-05 1.369487363260685592e-05 1.122229895555718401e-05 1.369630351877528916e-05 1.113540035361318583e-05 8.613400125978745630e-06 7.024761818622379742e-06 7.973746603780060760e-06 8.254926556827771130e-06 5.624127662890131511e-06 7.697249330980508166e-06 6.467370603835353520e-06 7.665931721673031977e-06 7.531709345732535846e-06 8.261030951361546186e-06 8.786051251410721956e-06 7.995497247810656066e-06 7.583666444269785662e-06 7.640142839260925101e-06 7.276453043092726965e-06 4.725711719237673393e-06 4.392095310760857491e-06 3.243707106337560110e-06 3.152100915008449047e-06 2.509239049391248468e-06 1.728325165971385169e-06 3.685837233421130485e-07 3.262670373825850462e-06 1.856864352541567273e-06 2.386997532336958303e-06 8.184736481000447499e-07 2.537606803805262225e-06 1.805893725619854204e-06 1.026213774233005854e-06 2.429089946754542790e-06 1.902017535684523257e-06 2.784343193219666188e-06 2.463754765353910849e-06 1.276522527108715468e-06 2.433357632325941149e-06 2.148019610840173041e-06 3.588197460425029176e-06 2.868810024291394904e-06 2.507958440886563523e-06 2.539501246060864045e-06 1.894601699130599517e-06 2.686183759631583619e-06 2.417839410490221146e-06 3.181651021717472544e-06 2.991045796502527637e-06 1.871811558857830517e-06 1.919479745465982584e-06 1.872698991974118303e-06 1.724293029018399216e-06 8.811892865740628375e-07 1.400721620642879437e-06 -1.256302010147613145e-08 1.947890593370093035e-07 3.231164538660023512e-07 -1.300875789917962279e-06 -7.787663334250026099e-07 4.953773592938255465e-07 -8.775028075283059709e-07 -1.530718755090095263e-06
9.508389749665779227e-04 7.732624745248621503e-04 6.291644747869528992e-04 7.804737047524387596e-04 3.537873976405504165e-04 2.534577856722518220e-04 2.001190824130402181e-04 1.655251048558875073e-04 1.440436175703273996e-04 1.137409092430681848e-04 9.707909182444623671e-05 8.727011983560024725e-05 7.245727884226618612e-05 7.037059103991350926e-05 6.497098164239884692e-05 5.477500849211399092e-05 4.835557682647801498e-05 4.752051708643323413e-05 4.363285127281705362e-05 4.054136406084939614e-05 3.842684127202491046e-05 3.605981046107450125e-05 3.029918225863323353e-05 3.033802320518070019e-05 2.632733458042301925e-05 2.337586831646179891e-05 2.021811358280864367e-05 2.178889854747224607e-05 1.695755469025198619e-05 1.827981626667122471e-05 1.488663839742495830e-05 1.342743420231930575e-05 1.369117518539260355e-05 1.141466942927241100e-05 9.426221935104846700e-06 8.665161794630704716e-06 8.222119298943411674e-06 6.260668650804221821e-06 5.307748039656811693e-06 5.883297228835138663e-06 2.999263307135047343e-06 3.720263033931231655e-06 3.418692317570604549e-06 5.338254852121523299e-06 4.307436710558032942e-06 3.483934982838444731e-06 5.056194397075185903e-06 4.899046077494628471e-06 4.882245122160820660e-06 5.225129209411718714e-06 4.374897203544413855e-06 4.694655367516278977e-06 3.420658288854660072e-06 3.982219479944686320e-06 3.033110668184832298e-06 3.326445004446779195e-06 1.535688704550244957e-06 1.801924988837043113e-06 1.873620603711151110e-06 2.152531246237243538e-06 2.171902568706083182e-06 2.392151985926449000e-06 2.256197237850906564e-06 3.473100943014483811e-06 2.954755259523881491e-06 3.475326512978609383e-06 2.163724333032060405e-06 3.650298648276569157e-06 2.804863972543656020e-06 2.757360859827306882e-06 3.016696672358323370e-06 2.658226670211398027e-06 2.816475130844777981e-06 1.752945854807705081e-06 1.255610331038226373e-06 2.267618910441631850e-06 1.652024701053180486e-06 2.628249560486781667e-06 2.479310167034914970e-06 2.250432713327837812e-06 1.964733619034223615e-06 1.902918537816736944e-06 2.929846803184093655e-06 1.892607026351065050e-06 2.000475049957891525e-06 2.883055499570250123e-06 1.740320141825842715e-06 1.693955107929891081e-06 1.207637913212809490e-06 1.407103906235051671e-06 1.409898416234133052e-06 1.251412623390352744e-06 1.432649727543618463e-06 9.715687063633059059e-07 8.082974538366002844e-07 4.917743563693800978e-07 7.263692596954849067e-07 1.200528048979104525e-06 1.242394793669829650e-06 5.807262514489677413e-07
4.712903524932025097e-04 5.197210077232343852e-04 4.531237314604875488e-04 3.537873976405504165e-04 4.465910822772294975e-04 2.269427850239520900e-04 1.796280553837108099e-04 1.438094404304210070e-04 1.233706468366461550e-04 9.487676553125629672e-05 8.160395957107839627e-05 6.762001441353993460e-05 6.090865498001612653e-05 6.089063219414030754e-05 5.630571962070835663e-05 4.934153793047232282e-05 4.031359867633440989e-05 4.039421178394803097e-05 3.469971016029730899e-05 3.244193856442909409e-05 3.050250309808749574e-05 2.726859223461559358e-05 2.278115902711468934e-05 2.398343977503494495e-05 2.089191141068208040e-05 1.927147285994894622e-05 1.784014565766177626e-05 1.647128209166216854e-05 1.525035395576241147e-05 1.431634207982427520e-05 1.216803243335584916e-05 1.283541516107831434e-05 1.123324324724360005e-05 1.012774619215321247e-05 9.210128564430828047e-06 8.163426138545018483e-06 6.954194454601884513e-06 6.084624402956720696e-06 4.116035694107288740e-06 5.187263422610335475e-06 3.716916778982352838e-06 3.971666888396412030e-06 2.913200772417163470e-06 3.942448152220600323e-06 3.596552799310243595e-06 4.250983849886496006e-06 4.283765335606333820e-06 4.229713537868926850e-06 3.927958305907479940e-06 3.161199619767450713e-06 3.700290668016861028e-06 3.725453437913993997e-06 2.869816883808794042e-06 3.545499096130649201e-06 3.160619305132932406e-06 3.609233240470883384e-06 2.440598654430079673e-06 1.942681622588463947e-06 1.697993969148443078e-06 1.910680377760426844e-06 2.246414799978483356e-06 2.123324760973633131e-06 1.390031686070035425e-06 2.631976208450701622e-06 1.730543990891770585e-06 1.852212957506835842e-06 1.281790112970197336e-06 1.922283366282725423e-06 1.539372737222699495e-06 1.568353521958562145e-06 1.444748969954636395e-06 1.353559815250851212e-06 1.108137132266281583e-06 -1.222814019635806379e-07 7.906259550918096338e-08 4.764490937263203233e-07 2.301436415949067025e-07 1.044807433442112978e-06 4.262668216225332972e-07 7.586608502196889053e-07 6.419437689563484781e-07 2.749888105904448834e-07 6.037517429817763107e-07 3.845434810427059211e-07 3.262708974008507131e-07 3.496569998089196826e-07 -5.748888944408756260e-08 -5.631299582411832157e-08 -2.873476222999235589e-07 -3.739214251716702156e-07 -5.957622218113519150e-08 2.541919869392757149e-07 -1.295348742625791228e-07 -1.319687057418982093e-07 -2.051870446384649976e-08 -4.346745245211271873e-07 -1.221881653694055985e-07 5.816683060074745654e-08 -3.267674749939019513e-08 2.788581324497108918e-08
4.319556390024404053e-04 3.873674156179130303e-04 3.314201381497210142e-04 2.534577856722518220e-04 2.269427850239520900e-04 2.687264283752176242e-04 1.499690451852578115e-04 1.221570035746018126e-04 1.038984583800942578e-04 8.479193742165642143e-05 7.000629390391137406e-05 5.936833112330564585e-05 5.147950451002307942e-05 4.969070318102986354e-05 4.719058260968075533e-05 4.033184048199928249e-05 3.450969578940221358e-05 3.345980664990120504e-05 2.999027687984229159e-05 2.804642807742107425e-05 2.523069589204239953e-05 2.494576510248507959e-05 2.070378705023272412e-05 2.016186460839462712e-05 1.929722937353398589e-05 1.673309338975683875e-05 1.482819244501539417e-05 1.559390494284106839e-05 1.209713936202420570e-05 1.130365273528694517e-05 1.055992230857298172e-05 9.533894896658548225e-06 8.575708206430171000e-06 7.714503894199673979e-06 6.968975181439435790e-06 6.300869573329346474e-06 6.446292910120055402e-06 4.733670536378998057e-06 3.842106908466472153e-06 3.686756635958161906e-06 2.651808841563762211e-06 3.432490177649267702e-06 3.079693076919909761e-06 3.304836051783033798e-06 2.778129235140544352e-06 2.642081058160419336e-06 2.628545287285788882e-06 2.850368250368228599e-06 2.330923152863265185e-06 2.152842849251921427e-06 2.495689900790589938e-06 2.028768987546917533e-06 1.911021881144509819e-06 2.560618773439547748e-06 2.635377210897372455e-06 1.991995447755948792e-06 1.644117762095277564e-06 1.106169693130371668e-06 5.868289264917779485e-07 6.965839052258480859e-07 3.952293989155724308e-07 5.499704559671828802e-07 2.112837277926197197e-08 1.046293171622922583e-06 9.222825424919797449e-07 5.566162630832288359e-07 -3.202132702463937549e-08 4.683437277283610808e-07 2.734399030275905209e-07 2.589555433935659340e-07 2.290895086860559079e-07 3.354802335721269039e-07 6.041502010392001104e-07 -1.891182411275509201e-07 -6.346668670907275207e-07 1.061298900279706519e-07 2.134341637928653884e-08 -2.388929283852202850e-07 -5.052331456814187278e-08 2.157555695912477259e-07 3.176161471399457319e-07 1.049357346499399960e-07 4.654607095686812097e-07 3.260231021298596600e-07 2.969609413626861730e-07 2.478377413221081397e-07 2.029032840850530912e-07 8.558364390923229308e-08 -7.070365761121879826e-08 3.676029503907839212e-08 2.807198343328815346e-07 6.089276246645329730e-07 4.183310557593860839e-08 3.465239230682811773e-07 3.391681016349207359e-07 4.707819509942090152e-08 1.225313729357775420e-07 3.836147074430303725e-07 1.718735897677291293e-07 3.071320508284865219e-07
2.146258471629422537e-04 2.758571570534567858e-04 2.520659318953100440e-04 2.001190824130402181e-04 1.796280553837108099e-04 1.499690451852578115e-04 1.784921490345140437e-04 1.077370669356103090e-04 9.114496050288579813e-05 7.131501450571252614e-05 6.202056194647794960e-05 5.433128540005231083e-05 4.459619837097740470e-05 4.282504914712707318e-05 4.134837334998470138e-05 3.478508293938222288e-05 3.167369702876295508e-05 3.010561591010297604e-05 2.670812425937089217e-05 2.429533768605754302e-05 2.324993792720973212e-05 2.162726462545488159e-05 1.891373922089019884e-05 1.759142137738229199e-05 1.671994532342087794e-05 1.560771035951133396e-05 1.351385041455116458e-05 1.368854081921269447e-05 1.196558578288523809e-05 1.103560261989699363e-05 1.036668072668298464e-05 9.419747252483851144e-06 8.754828925680579343e-06 8.121298075291565226e-06 6.989971502750584011e-06 6.561162685358582950e-06 5.587553816998744014e-06 5.094221744534634879e-06 4.666438817106333557e-06 4.914809009159314093e-06 3.676092296275468086e-06 3.651880686053692315e-06 3.175540181936992386e-06 3.920731478271146732e-06 3.482956980895047174e-06 3.254893774688115620e-06 3.251563134057784820e-06 3.218168512050921582e-06 2.859177305293216364e-06 3.177748897266889394e-06 2.998049835872648460e-06 3.363824038221093431e-06 3.027148177852902835e-06 3.165042576238173010e-06 3.208244712899892072e-06 2.955942493459389829e-06 2.254598086583974608e-06 2.150122051085989105e-06 1.445120575074649577e-06 1.478710875420206992e-06 1.580591360577434593e-06 1.711133219236606928e-06 1.113776380324011181e-06 1.528456551611531846e-06 1.411107274045248128e-06 1.392949038558528913e-06 7.856361453693502830e-07 1.293228750435818633e-06 1.097695352747672558e-06 1.078871844279604190e-06 9.946357566120599479e-07 7.426510324494616562e-07 7.919992815741618495e-07 3.672701149472752954e-07 1.460780763632984965e-07 2.456308981039926022e-07 3.795608463579927481e-07 2.765219506564362107e-07 5.332157355056289525e-07 4.994752855840798991e-07 7.044197217144360251e-07 6.669717963847663040e-07 8.341510721680530962e-07 8.743254892634160923e-07 8.267240378435693372e-07 8.161573016582111191e-07 6.876232842367144351e-07 4.813401051922626664e-07 5.038719809811562277e-07 4.637100487611129723e-07 7.503950970510648088e-07 7.037300607214862747e-07 2.819453712216042506e-07 4.407178631109148042e-07 4.238200424643243897e-07 1.997539313894860690e-07 2.457387644118957030e-07 4.149408113822022950e-07 2.240943299903215905e-07 -1.031796581061200910e-07
2.466312892878958613e-04 2.294400294022721468e-04 2.132620057826369617e-04 1.655251048558875073e-04 1.438094404304210070e-04 1.221570035746018126e-04 1.077370669356103090e-04 1.323820651026035727e-04 8.534774715621033586e-05 6.723203229985011420e-05 5.784727833013631306e-05 4.988001749235792783e-05 4.154418662318409725e-05 3.979127087119676192e-05 3.713334475489208600e-05 3.177267042791802223e-05 2.790067124374657435e-05 2.674516690323869566e-05 2.477293198534488206e-05 2.181423850799396553e-05 2.046868173428071627e-05 1.998099358282585586e-05 1.724058823580907945e-05 1.620128806226769322e-05 1.500991394414321023e-05 1.338244776107609226e-05 1.233999460869192379e-05 1.176930355376717531e-05 1.029928300542530190e-05 9.913184845609586098e-06 9.019498618167060800e-06 8.383859056387798811e-06 6.994460707119255876e-06 6.410752040450364219e-06 5.393167962730193140e-06 5.323047159741794372e-06 5.282261457353213233e-06 4.038873180417994774e-06 3.397782300642933643e-06 3.520662259703712025e-06 3.081124977615732707e-06 2.891653936865494421e-06 2.827038112311211732e-06 2.869324792737496697e-06 2.189389645702883797e-06 2.390768688590169748e-06 2.243442601267919739e-06 2.271862714350111183e-06 2.187225636777995345e-06 2.003796841394930871e-06 1.881838820914933149e-06 2.164780067185589807e-06 1.796985781216300128e-06 2.179484053912587914e-06 1.803742344975328855e-06 2.006173946832256131e-06 1.517966217555227842e-06 1.237875854208293779e-06 1.256561692096644256e-06 1.062900550006346929e-06 1.191781796383734511e-06 9.953246168282762072e-07 6.412580746960841199e-07 1.076322325505621874e-06 1.056867863270876680e-06 9.424565148578912649e-07 7.419095029829694509e-07 9.485799216203990310e-07 7.513221465379088914e-07 8.138400501967316173e-07 6.112959019789451285e-07 7.595264321594979450e-07 6.164911521565149929e-07 2.423559913307954002e-07 2.015219501530841324e-08 1.422225121449897984e-07 1.519573035621797667e-07 1.330058717852812562e-07 4.669394390227343651e-07 5.080140975511346329e-07 4.753954027468236345e-07 5.511168349912790361e-07 4.929587316192456616e-07 5.088464100587912937e-07 4.783860669675950717e-07 4.777462563414724099e-07 2.059883519990955386e-07 2.935722101300620917e-07 4.350500553596819620e-07 2.206212102883252191e-07 2.203846498124789215e-07 2.550106829770619188e-07 7.976395956681222255e-08 8.542297954117534534e-08 1.142537293947987958e-07 -7.575566064475751330e-08 -1.459294239859434209e-07 -1.057522693048995043e-07 -1.563145442843475516e-07 -2.794842056105278147e-07
1.769437237625411813e-04 1.977952954729199071e-04 2.002993370452809817e-04 1.440436175703273996e-04 1.233706468366461550e-04 1.038984583800942578e-04 9.114496050288579813e-05 8.534774715621033586e-05 1.047184326796117803e-04 6.368755711939594712e-05 5.880545573485109894e-05 4.946389684537612531e-05 4.028229978936375544e-05 3.642168852864436642e-05 3.509097844199809534e-05 3.018856145739458728e-05 2.712099219892246028e-05 2.586726509396343473e-05 2.215325104775755675e-05 2.035635349948038925e-05 1.941797386196508329e-05 1.769279183489345719e-05 1.607620076152005878e-05 1.490503067865584758e-05 1.407605444728943395e-05 1.298055809860821212e-05 1.222659098180659746e-05 1.166233886113292611e-05 9.849897406673376407e-06 9.526930368298325264e-06 8.824317801498991382e-06 7.335286752640556918e-06 6.697533016213929343e-06 6.667545495641200211e-06 6.188149856559743619e-06 5.764087319932532303e-06 5.228315808659095972e-06 4.320127887076050414e-06 3.371269536465824336e-06 3.635578147619760881e-06 3.102178018638986633e-06 3.242440741075899185e-06 3.098301525145889113e-06 3.215200638800852846e-06 2.566988782859748938e-06 2.755251984817568485e-06 2.648335304545880410e-06 2.742386021732463483e-06 2.627215880119598961e-06 2.015714111258693258e-06 1.730418162583125230e-06 1.889282164123979315e-06 1.749065637270892869e-06 2.046174099372862796e-06 1.548215542659090846e-06 1.776426553419754505e-06 1.222708016068456380e-06 1.222751791330745295e-06 1.047504245987134708e-06 1.201205466791953530e-06 7.729556938358047325e-07 8.289479314510765238e-07 6.678760813016790895e-07 9.523635060672156099e-07 8.972869014134057503e-07 5.292057415150966379e-07 3.270961491066373890e-07 7.073601841349492709e-07 4.946972795650927159e-07 4.196651213204038525e-07 4.751568238883267473e-07 4.066235827641143455e-07 4.054264435278110175e-07 1.717069143596409210e-07 -1.417640975895951294e-07 5.107767183999565213e-08 2.491539043395992831e-07 3.303158140409038214e-07 4.588205104211269131e-07 4.671489356457248724e-07 2.748339071622992597e-07 3.884328257783207035e-07 4.537890215414894602e-07 2.512954665126115259e-07 1.705587835326074806e-07 1.560841055627620664e-07 1.661717810868852916e-07 9.146582697751729815e-08 9.609352050137885822e-08 1.039020299477286332e-07 1.337853383435587456e-07 4.946985088914374189e-09 -1.660993372338442392e-07 1.912329047359569029e-08 -2.763154451489804322e-08 -1.834256749248751422e-07 1.275370490809289753e-09 -1.163018071048508265e-07 -1.448330266704229768e-07 -1.833481671726140174e-07
1.638547460021031702e-04 1.475894442422351197e-04 1.475910189418416698e-04 1.137409092430681848e-04 9.487676553125629672e-05 8.479193742165642143e-05 7.131501450571252614e-05 6.723203229985011420e-05 6.368755711939594712e-05 7.395952872827782235e-05 5.149727511473058291e-05 4.401513090824330226e-05 3.784457397269780626e-05 3.489508369244737865e-05 3.201285515105592894e-05 2.802406787066856272e-05 2.562054366262844418e-05 2.425213638104426934e-05 2.208513771880059301e-05 2.042187055508449842e-05 1.855915239627671276e-05 1.740921911464069974e-05 1.570478339356397166e-05 1.455540076609824400e-05 1.429058955720126450e-05 1.304236466180941736e-05 1.203380711467204786e-05 1.146142786125349094e-05 1.004581172362920645e-05 9.623987406803857078e-06 8.584758268213404209e-06 7.756863837590087421e-06 7.026143475269475698e-06 6.972280645412625455e-06 6.286262276482153403e-06 5.842485987340821132e-06 5.570391738624739690e-06 4.597486409895921743e-06 3.959432470977370981e-06 3.643469760673864609e-06 3.150929236701326280e-06 3.357399265481590338e-06 2.972134620221805003e-06 3.105885328379529120e-06 2.353561543345185565e-06 2.446435715092025103e-06 2.190601359216734338e-06 2.481401990056116665e-06 2.418078368760196473e-06 2.191342136884992781e-06 2.213188175642027923e-06 1.955881019527391994e-06 2.324865663119195353e-06 2.015104490089082422e-06 1.888132432257457664e-06 1.806289588037037254e-06 1.711406701064925175e-06 1.553180457381321903e-06 1.077745613176460726e-06 1.353887086265053788e-06 1.042279932820199160e-06 1.071902280320557152e-06 1.001234348733240975e-06 1.151747251644332570e-06 9.996183534107060612e-07 9.644123280322222639e-07 8.168988265906844003e-07 8.468128957367837379e-07 6.821080603363644216e-07 8.484077025682814852e-07 8.098132269869768450e-07 8.154178953992490518e-07 9.742020963914604139e-07 4.481769761292198219e-07 3.414895505190127992e-07 4.595246120647758677e-07 4.862961946893907634e-07 4.551048512031495366e-07 5.634884807285969001e-07 6.402974007157898784e-07 5.931357658492926386e-07 7.154291174246085317e-07 7.598180246827819984e-07 6.609968528718989944e-07 4.848863508077032395e-07 3.885606689284442694e-07 4.834628700173518911e-07 3.471587612046177476e-07 2.912975610944396353e-07 3.077453051484203971e-07 3.180829050356225030e-07 4.487764398111453513e-07 2.473342335668165361e-07 4.119104743126765077e-07 2.467544845810276725e-07 2.040965764706407562e-07 2.836184177805723826e-07 1.909604176935643030e-07 8.749896236652546584e-08 3.703090002350169302e-09
1.142702633983355476e-04 1.267408920006161347e-04 1.378770990826567468e-04 9.707909182444623671e-05 8.160395957107839627e-05 7.000629390391137406e-05 6.202056194647794960e-05 5.784727833013631306e-05 5.880545573485109894e-05 5.149727511473058291e-05 6.489032033791900260e-05 4.416810463488279079e-05 3.782353878584500688e-05 3.404026601533494909e-05 3.135645460217950474e-05 2.710356569429245280e-05 2.416375373070438865e-05 2.348415380516125856e-05 2.050449430850679087e-05 1.907414222918192386e-05 1.801946580016050559e-05 1.630875281473797382e-05 1.475621404484431056e-05 1.318823022525591412e-05 1.318777679318524712e-05 1.205627385480924289e-05 1.103378616189818888e-05 1.057654573355890205e-05 9.094695620821020702e-06 8.484476708591884216e-06 7.860114197615604987e-06 7.516347126963043843e-06 6.792627041974832568e-06 6.657774588397154856e-06 5.726968923350177397e-06 5.657607889481888877e-06 5.482141842838784062e-06 4.425801023175992321e-06 4.254073062685314418e-06 3.724599983850207552e-06 3.358097217344930077e-06 3.432487859883382376e-06 3.050710401658887240e-06 3.094940933061846052e-06 2.641394409224695999e-06 2.678777650947083322e-06 2.480466731696469800e-06 2.670894293379234086e-06 2.586891212564991359e-06 2.350166158663033482e-06 2.081841496042816125e-06 2.158653479690298067e-06 2.268549155608578429e-06 2.502289143464876520e-06 2.009622657547832238e-06 2.060930173976242011e-06 1.924213756963372568e-06 1.749859994308718421e-06 1.591446332673143074e-06 1.764762885574062992e-06 1.736852347996601054e-06 1.328502132366594347e-06 1.418219946481395260e-06 1.271784343654629944e-06 1.274167233335549192e-06 1.070830528240293900e-06 9.917669865479465317e-07 1.073218331723700985e-06 8.868161660857421920e-07 9.306218662412293160e-07 9.425218466080228263e-07 7.816316347896432257e-07 8.706243765148079793e-07 5.381564500770742636e-07 3.462618966072283119e-07 4.519357871801829390e-07 5.630574306081473243e-07 4.926085155315611657e-07 6.119075367075172374e-07 6.832640118792002773e-07 5.365221244308386150e-07 5.771494063979706142e-07 6.581945218813770973e-07 5.784344987930958313e-07 3.292484405311209113e-07 3.254196474600563119e-07 3.055518411582372301e-07 2.255561330268706025e-07 3.782861743946192292e-07 3.013715980456731063e-07 3.715080709100401379e-07 2.679317501162389531e-07 1.833994701578384993e-07 2.289636153175254851e-07 2.707197557684941361e-07 1.031204182090405652e-07 2.871283201213733608e-07 1.556663869991023436e-07 8.904348507121822357e-08 1.854780761756837647e-08
9.972539430657458579e-05 1.136874337137955070e-04 1.147270283762775387e-04 8.727011983560024725e-05 6.762001441353993460e-05 5.936833112330564585e-05 5.433128540005231083e-05 4.988001749235792783e-05 4.946389684537612531e-05 4.401513090824330226e-05 4.416810463488279079e-05 5.319977658482414684e-05 3.623929064595609722e-05 3.322465281121765249e-05 3.078237868382417756e-05 2.625005723851499829e-05 2.384389457042452031e-05 2.281223836187168459e-05 2.049919752861040635e-05 1.837009559724562993e-05 1.730042004321862551e-05 1.586344174252152288e-05 1.406395041636467570e-05 1.324037805656074462e-05 1.256261758871798543e-05 1.153269667159785621e-05 1.064865661012438610e-05 1.035398528411287209e-05 8.792149153457503634e-06 8.275841424846427265e-06 7.928750583443032324e-06 7.384092019296617504e-06 6.855456147859325200e-06 6.428766822654800831e-06 5.684262651130784515e-06 5.700919731689800360e-06 5.447973492447298784e-06 4.338133972302173933e-06 4.271067052459549238e-06 3.852381888738183393e-06 3.454977223816370378e-06 3.620749572743044144e-06 3.205059154449704068e-06 3.268120874401697552e-06 2.592906051779204472e-06 2.721909303361267717e-06 2.554739559081977444e-06 2.439588922351372722e-06 2.385225817300489171e-06 2.322330431601089459e-06 2.140435853329791655e-06 2.018462868358977444e-06 2.221764528955165304e-06 2.019630019064085510e-06 1.687118229222839403e-06 1.900655122479381381e-06 1.340181123064079655e-06 1.395977696930878241e-06 1.168901661262480404e-06 1.254360696601645756e-06 1.110708051294212760e-06 1.167782992670365373e-06 1.074536680330498187e-06 1.108341898609566400e-06 9.799985311562210448e-07 8.215872326760867213e-07 8.425225056336673439e-07 9.271430383269932955e-07 6.352049013439257250e-07 8.552118922834988839e-07 8.322849446443673707e-07 6.708541025435452302e-07 7.428188839531106965e-07 4.828509577426807545e-07 2.319511187955459848e-07 4.266383637746072942e-07 4.789773382019150225e-07 3.938494435086648717e-07 6.795846472042790652e-07 6.466515565715660966e-07 4.618712599730801917e-07 6.118990950015874648e-07 4.476735242450476469e-07 4.284972976823483489e-07 3.033279657612089024e-07 3.194014517421409769e-07 3.183994805441400123e-07 2.463714534378665139e-07 1.248158641672327923e-07 1.037734269001451381e-07 2.231886614410204248e-07 2.271490240158850696e-07 9.541635666608869030e-08 2.191227203861161701e-07 1.389253183848168324e-07 3.540622011366890672e-08 2.208424730428175503e-07 4.028040140232698441e-08 1.684217712904525085e-08 -1.106998439970749125e-07
6.073078002021172058e-05 8.464998941959398014e-05 9.459723322311583036e-05 7.245727884226618612e-05 6.090865498001612653e-05 5.147950451002307942e-05 4.459619837097740470e-05 4.154418662318409725e-05 4.028229978936375544e-05 3.784457397269780626e-05 3.782353878584500688e-05 3.623929064595609722e-05 4.394356585815334615e-05 3.258723545722099987e-05 3.059843335735871990e-05 2.683187949527621953e-05 2.441595913379057098e-05 2.270792951896397053e-05 2.075867001253889257e-05 1.828484810557020156e-05 1.781540061115931200e-05 1.614235900252182138e-05 1.427426243565050104e-05 1.350165927370020721e-05 1.265338031664893736e-05 1.149112343679066785e-05 1.065188869723442781e-05 1.033954928608513964e-05 9.255457425033730313e-06 8.434543924836370471e-06 7.871029484965167276e-06 7.320486750072622961e-06 6.867003988560119305e-06 6.189906915827009522e-06 5.341421551584913675e-06 5.573524629263576707e-06 5.118836946279217630e-06 4.221995177988031913e-06 4.098051368931040376e-06 3.658962885212298193e-06 3.278886547854166310e-06 3.341678534506594284e-06 3.198715459215586651e-06 3.403655321225902569e-06 2.795798465572312447e-06 2.888776702961959395e-06 2.547034122839622502e-06 2.700620527540616295e-06 2.414020865873094749e-06 2.375447634710380221e-06 2.123947728224410395e-06 2.011087266152369659e-06 2.048434028832853543e-06 2.101691889045405457e-06 1.772903893485332131e-06 1.941100849519750792e-06 1.479298055350787475e-06 1.568141421537009443e-06 1.407614847493052634e-06 1.338576971472480255e-06 1.350687559973628499e-06 1.137728521525800724e-06 1.163176032454800388e-06 1.245201490960378514e-06 1.160995488614685164e-06 9.104291684188553902e-07 9.564846649824740750e-07 1.003432023309245600e-06 8.689244337490273854e-07 9.754779816360887940e-07 8.727192908320319020e-07 6.986420389184783721e-07 6.898132428763743955e-07 5.100887169349000535e-07 4.275062429526562826e-07 5.784364163798281082e-07 5.381785917129314750e-07 4.649929835719636610e-07 5.107600023258272204e-07 7.069409542034340957e-07 4.474622203300372997e-07 4.908644449187797248e-07 5.048962359580936067e-07 5.330787454483333809e-07 3.758428546384644106e-07 2.616131856405174581e-07 2.343364282745689647e-07 2.353361072622788302e-07 2.286205293345599402e-07 1.703514824248018091e-07 1.546417156541785414e-07 3.157876965213488891e-07 7.924313946240941239e-08 1.258108137158353762e-07 6.819053440444516482e-08 -8.666139912656349329e-08 9.349159944641576010e-08 -1.318204102515579991e-08 -7.621607184818654507e-08 -6.707844743181471684e-08
8.633558314991761568e-05 9.134104370171443939e-05 1.026441854996860753e-04 7.037059103991350926e-05 6.089063219414030754e-05 4.969070318102986354e-05 4.282504914712707318e-05 3.979127087119676192e-05 3.642168852864436642e-05 3.489508369244737865e-05 3.404026601533494909e-05 3.322465281121765249e-05 3.258723545722099987e-05 3.902128955234384418e-05 3.041007872418553825e-05 2.621840817919328414e-05 2.351478547282223730e-05 2.230004011389530544e-05 2.021197433498625812e-05 1.854262959100228404e-05 1.739431621444934611e-05 1.548692401708527937e-05 1.370866753271018725e-05 1.307193816202356392e-05 1.257560129916693757e-05 1.125995181075055852e-05 1.031979834544448487e-05 1.002192864830035563e-05 8.906377786278078023e-06 8.367859809269466767e-06 7.501747570123809195e-06 7.176481597805984751e-06 6.895628751280502897e-06 6.330783177071827419e-06 5.483439603856155142e-06 5.542071188328744435e-06 5.368321847139957868e-06 4.543045204509690674e-06 4.251623676964818805e-06 4.084607103916611481e-06 3.673787318065432695e-06 3.804827236357026177e-06 3.559659448080356589e-06 3.546363637969183315e-06 2.939331616500978360e-06 2.998456453007066870e-06 2.870447059401326967e-06 2.785313856166798267e-06 2.650487330048784718e-06 2.732991605228321399e-06 2.459484377492953158e-06 2.401353806939287046e-06 2.494532081496630467e-06 2.482008872723313316e-06 2.158114741005809097e-06 2.211987744651852593e-06 1.903856421409244065e-06 1.795648814503541448e-06 1.751798294288804203e-06 1.416544236877246048e-06 1.472299811405429062e-06 1.253294440896500181e-06 1.277225854346350506e-06 1.354353570787339605e-06 1.149337825343310122e-06 1.004480742567189882e-06 1.002132313642801141e-06 1.037080254518137612e-06 9.337602866344324388e-07 9.658030191842366263e-07 8.568561730780049040e-07 7.967026601225100227e-07 8.679896122485645722e-07 6.522408695841875047e-07 6.059553168793797692e-07 7.464196121675736680e-07 7.011512520253522690e-07 6.605510539965154990e-07 7.034474218642052475e-07 7.399957544974200573e-07 6.835750662876877321e-07 6.371398939305313197e-07 5.014022286729595358e-07 5.872321308446407629e-07 3.881894381819322580e-07 3.992910613308853821e-07 3.143129960968697870e-07 3.599757840643596586e-07 3.388572796367918335e-07 3.346372283931482652e-07 2.012891224586403517e-07 3.547606388764704324e-07 1.808320017984041153e-07 2.493623361315686295e-07 1.156089288012417406e-07 -4.490739287549891114e-08 5.822513047655959783e-08 -3.201326148790857077e-08 -1.061728905512879843e-07 -1.595513342679182064e-07
7.149259510674904855e-05 8.208835245370846192e-05 8.746370262638399474e-05 6.497098164239884692e-05 5.630571962070835663e-05 4.719058260968075533e-05 4.134837334998470138e-05 3.713334475489208600e-05 3.509097844199809534e-05 3.201285515105592894e-05 3.135645460217950474e-05 3.078237868382417756e-05 3.059843335735871990e-05 3.041007872418553825e-05 3.746167912049128043e-05 2.696946072488269570e-05 2.445843880733551161e-05 2.250482606834385238e-05 2.070950132007474834e-05 1.835320847190084645e-05 1.763022934753023080e-05 1.600104250035888553e-05 1.380796308427104303e-05 1.311662250601953345e-05 1.217891765571733502e-05 1.113974938249580653e-05 1.018936338874283178e-05 1.004432860931577095e-05 8.782537831576241484e-06 8.157083465446537829e-06 7.452911299142844323e-06 7.218147498030443749e-06 6.670299117666152853e-06 6.473703091212176508e-06 5.477807937687019723e-06 5.305450428102803146e-06 5.173669302756319888e-06 4.601998682667347009e-06 4.013873593755651690e-06 3.834387647841448307e-06 3.630841712979811863e-06 3.765964208213146311e-06 3.453545260821629916e-06 3.546204851399028273e-06 2.757617671544936438e-06 2.969903532356864125e-06 2.850205119577080456e-06 2.848190489891897969e-06 2.759070408256237836e-06 2.701418486912799993e-06 2.635298906893097612e-06 2.482093249915315972e-06 2.639190049891554563e-06 2.454963131383885903e-06 2.128016071037228535e-06 2.214440692951650136e-06 1.809668259145744263e-06 1.806146049012273532e-06 1.685879419053809266e-06 1.424953194397832691e-06 1.419713692766871282e-06 1.274960883412723953e-06 1.207156734959038684e-06 1.235929049356479660e-06 1.041604195973081806e-06 1.005081307584553716e-06 9.247810598366559763e-07 1.084732170439543379e-06 8.214218789868510240e-07 8.636137429889182290e-07 7.139130957177254489e-07 6.612626162303288453e-07 7.772346315933860685e-07 5.871976209818601706e-07 4.869397740495248704e-07 5.594642114119665282e-07 5.222255843343608630e-07 5.668649237728784414e-07 5.790426440441192840e-07 7.725775637934427088e-07 6.507744609611159791e-07 5.047985988281382001e-07 4.793450552192467190e-07 4.676242964986545106e-07 3.953006946295820954e-07 3.381383246555006305e-07 2.506905939711782887e-07 2.989721571082318838e-07 3.191931816177539792e-07 3.171797327541699385e-07 3.972130599733815436e-07 4.703586417416664738e-07 2.333705515558752894e-07 3.153949477357004910e-07 2.811510344339695401e-07 1.222786321749486940e-07 2.905973195320436657e-07 1.686784442121352651e-07 1.462568966252086807e-07 1.390361095710847538e-07
