1.871183411791443874e-02 1.000502462265544538e-03 8.539481851537953890e-04 4.214576955299832446e-04 3.482979201461626766e-04 2.619648634950652198e-04 2.180356275457996629e-04 1.949692860608602172e-04 1.449160050105940240e-04 1.091511476810534068e-04 1.161159875237751375e-04 9.612204470681152101e-05 8.005865632259438790e-05 5.144851440393668915e-05 7.633594884089918192e-05 8.084265360831973930e-05 7.967144384097963835e-05 6.964765558316935422e-05 6.103253497182993179e-05 7.289193865377204971e-05 6.835451435992225217e-05 6.669167246688471017e-05 6.020379109844350730e-05 6.297838766669817360e-05 4.975067946402064772e-05 4.623484394558207718e-05 4.582049335598367549e-05 5.512213519256983134e-05 5.686639750536678521e-05 3.793075288056884661e-05 3.172390570598451602e-05 2.048009181214262273e-05 2.848243932512775593e-05 3.366007717492330511e-05 1.548184322200529483e-05 2.285683502824353792e-05 8.452686795359996667e-06 2.949350454557209076e-05 2.236583182444085741e-05 1.440859864014752575e-05 1.745724119187910367e-05 2.070373266853154875e-05 1.684275398044827212e-05 2.004275183350398784e-05 2.102903801317349553e-05 2.331875480734150707e-05 2.761028894982158743e-05 1.855338034666911766e-05 2.157605405770667332e-05 1.813734298542156781e-05 2.373568422451886609e-05 1.904915180682599388e-05 1.888639059861037630e-05 2.079613997377938539e-05 2.247621168145181285e-05 1.941809571398646608e-05 1.271072696648138736e-05 1.355628633523685773e-05 1.239192616517299191e-05 6.837815112762602150e-06 7.296950995664253381e-06 1.138217048019007812e-05 6.806159017231501769e-06 7.232016072675457346e-06 1.115088951051677279e-05 4.743536651316078449e-06 9.614477611659607651e-06 9.256434030670710332e-06 1.518488731707025008e-05 1.172593143158888782e-05 9.707739555182016210e-06 1.193180104433853178e-05 1.174931059673239064e-05 8.639258135490530214e-06 6.336899415859322066e-06 6.272677353357478824e-06 1.137265243429779266e-05 6.908226113453581434e-06 5.139702313468969451e-06 6.767848315308047942e-06 8.934204090630969410e-06 5.894287048396125195e-06 4.745349532642110069e-06 2.535646038791289972e-06 4.451708171830528695e-06 2.993607587784880752e-06 1.478987827473894542e-06 4.853664908736693330e-06 9.299900950166024334e-06 5.845162538240572404e-06 6.060104127316050066e-06 -1.414629954559159960e-07 6.455581528011628476e-06 4.060253426132797129e-06 2.771645930920408261e-06 1.806377909354196983e-06 4.240710129992845128e-06 4.148231729927970917e-06 3.165427964380231412e-06 2.805432886526008237e-06
1.000502462265544538e-03 4.156971933171153821e-03 6.585422542202509950e-04 4.799579048223394893e-04 3.484928170551127458e-04 2.357821351213284600e-04 2.111273447786141328e-04 1.708906488688577180e-04 1.402009133022439377e-04 1.170102390246230173e-04 1.008513849345059831e-04 9.000430587759462972e-05 7.800240786158798493e-05 6.809045454027600353e-05 6.003918455208863024e-05 5.643318249893732177e-05 5.332928027524951899e-05 5.103242363901819534e-05 4.461324869072185953e-05 3.958968294102669809e-05 4.220407011314428528e-05 4.280546645699155692e-05 3.402491596996529984e-05 4.009951655432286531e-05 3.006955938129391280e-05 3.132331109308318363e-05 2.693777910267897106e-05 2.710197379317610746e-05 2.910705463298878066e-05 2.245258516079616558e-05 1.932633749569580295e-05 2.215155991077725635e-05 1.612999720999524770e-05 2.033348432303226793e-05 2.010595702080453118e-05 1.098087516086487725e-05 1.145065307419520567e-05 8.088814730454772228e-06 1.192700960566464506e-05 1.061980075702149986e-05 8.561789167520307889e-06 7.895257455827534214e-06 2.437430706751062370e-06 5.420783732275558145e-06 5.201383188341695926e-06 7.932182689211924508e-06 7.977748424102662278e-06 6.779284541182899165e-06 9.858188593333601734e-06 1.009387251723584804e-05 8.234653261756117387e-06 6.201600121598297448e-06 8.063005511044763054e-06 7.947794856005212144e-06 9.011076372448449155e-06 7.501115587764298961e-06 4.310549397528773022e-06 7.233908798071965021e-06 7.913902273764134506e-06 5.400560908130264858e-06 5.440727589917674096e-06 5.839085271753737524e-06 6.695225171409508042e-06 7.927780367209122451e-06 6.534598853688604802e-06 5.178282777398152634e-06 9.720182021735456284e-06 6.306114043027400537e-06 7.521014546899743495e-06 6.082464059706981937e-06 8.156813350716289094e-06 6.166765835337158741e-06 5.337165795154570833e-06 3.988975537387016910e-06 4.142917136285829657e-06 3.365953984662066773e-06 5.989974262791490725e-06 4.747049023020467800e-06 4.469760024034955148e-06 5.433445967637376120e-06 5.144141346696460417e-06 4.726301104971312742e-06 4.518141513542521340e-06 5.100240297520194121e-06 4.961131035196061715e-06 5.395851462053384022e-06 3.924469376301216088e-06 5.487159712298498780e-06 4.880597762109588748e-06 2.341379739725144084e-06 1.429717431534329842e-06 2.537311005397320544e-06 4.715350080676437084e-06 3.208555048385508480e-06 3.466269292098217019e-06 1.099361442500434379e-06 2.627000598348484870e-06 3.460800903646355556e-06 2.126942899080867288e-06 1.295842669103385701e-06
8.539481851537953890e-04 6.585422542202509950e-04 1.091079184519562614e-03 2.649474038661206910e-04 2.126961601949452110e-04 1.417820428185002566e-04 1.189193362739323154e-04 1.116070103721763477e-04 7.785105433903997865e-05 6.334470813305356036e-05 5.284713412723707172e-05 4.873735882144375367e-05 3.866487261350602450e-05 3.396441240364513059e-05 3.692113195454894606e-05 2.475201270159843275e-05 2.648704439638310405e-05 1.944336491644349486e-05 1.799785015540264369e-05 1.995983791479763906e-05 1.911979575979920169e-05 1.700576187419725223e-05 1.343863610365193390e-05 1.916340146556692921e-05 1.471255394280981894e-05 1.531418522322608593e-05 1.444959589521748306e-05 1.392530034817779253e-05 1.252575710865392918e-05 1.165943533125235914e-05 1.052699930806043982e-05 8.108888219710212692e-06 8.539900551863448611e-06 1.085842172322639349e-05 7.260001367631941141e-06 6.017424683776915606e-06 8.335670073074306650e-06 7.486230696168575615e-06 7.338858595557255344e-06 5.930812745132356520e-06 5.987168149278699686e-06 4.263841978112730945e-06 3.173849365467836448e-06 2.768543491357160070e-06 3.038050292996240630e-06 3.937935928612350520e-06 3.573495235846277331e-06 3.657736219552099388e-06 3.514863169319274376e-06 3.543503994282062735e-06 3.357777022058158273e-06 1.817286498996758188e-06 3.084729295409384945e-06 2.211284126193133806e-06 3.188850490775805789e-06 2.614795559992118705e-06 1.283801404564306802e-06 1.028426738858235571e-06 6.197461243029315888e-07 2.746923714487165357e-08 -9.137469965927659864e-07 1.896756023782647933e-07 -1.988387709843439338e-07 -2.955488578543398298e-07 2.636309793892631924e-07 -7.538099534494191512e-07 -6.172625469106060330e-07 -1.457645652721356799e-06 -1.061533108064124578e-06 -5.489809736501446573e-07 -3.166143186839524441e-07 1.263155587644772884e-06 4.252407096296132936e-07 8.143447098196972424e-07 -2.669982076480174769e-07 9.276498430667506015e-08 4.922709994588765763e-07 2.204006229561250681e-07 5.729940346310048370e-07 1.313458581928746637e-06 1.432094924185543655e-06 1.003158952597498683e-06 1.043287130957585926e-06 7.254955393946851617e-07 1.529844344499088410e-06 1.027433211095378011e-06 1.023599212529905646e-06 1.192997995303646788e-06 6.854248944668441388e-07 2.973001107585610150e-07 5.878249434426636165e-07 -2.807953416557541277e-07 2.742126946383152048e-08 -9.408197091827504088e-07 -1.190788272708019504e-06 -1.341741956179015276e-06 -1.481929917954111834e-06 -5.975915571896291599e-07 -1.026163056906862530e-06 -9.716646969188704417e-07
4.214576955299832446e-04 4.799579048223394893e-04 2.649474038661206910e-04 4.513790589444096452e-04 1.558636908773852574e-04 1.240559602915450169e-04 9.985458940988829724e-05 8.599708621613396027e-05 6.018343261848705072e-05 5.389846081572841502e-05 4.989235425043473467e-05 4.276580323356099831e-05 3.586723352258718662e-05 3.144070758518476439e-05 3.165178861098468671e-05 2.263947133069339876e-05 2.332913980059264135e-05 1.871953799649482507e-05 1.935187953490970475e-05 1.726062261052815726e-05 1.921369492606434567e-05 1.593844265548021176e-05 1.404149437789267149e-05 1.446724163650819521e-05 1.137928469427547058e-05 1.056102305604448445e-05 8.855781207200065050e-06 9.681714469799677727e-06 9.600689781275352971e-06 8.706635186546466849e-06 5.857782673859994446e-06 5.286953574563418250e-06 5.731611138220240275e-06 6.434925592492408716e-06 5.342402402945147221e-06 4.727440590944192611e-06 5.314057376339305349e-06 4.509782948898102238e-06 4.168441309259388176e-06 4.040243133782807053e-06 2.513640797428021875e-06 2.980876065690992976e-06 2.116742635922775232e-06 1.792716616118014912e-06 2.242477410423734295e-06 2.799610547690124421e-06 2.959043411643545978e-06 2.276527472664309153e-06 3.423766369043520152e-06 3.140536648217405194e-06 3.325225260516821906e-06 2.825253123541617612e-06 3.274787940698865553e-06 2.829617788625876164e-06 3.200996909771105808e-06 2.122498683473906458e-06 2.191756252652796053e-06 2.637072563234486905e-06 3.150804505918031362e-06 2.120927508810851657e-06 1.867244469457871225e-06 2.612834455727311555e-06 2.697272001171036245e-06 2.734961832016031477e-06 2.463839377024131156e-06 1.959646971491190249e-06 1.785178939652498296e-06 1.100255342932249409e-06 2.174955555073754717e-06 7.167012752912703030e-07 1.920836027822852937e-06 1.050016314700985619e-06 1.468994846746700178e-06 1.126628670647617638e-06 1.304021483169541088e-06 1.066922750086201111e-06 1.150374142141184339e-06 5.760132363465984904e-07 -3.323571106774046517e-08 1.005120454309443154e-06 7.301792732939580207e-07 1.842127285692567533e-07 9.366155254460357427e-07 1.398192249330935939e-06 1.221994633552325221e-06 1.445052400994066495e-06 5.964150594128695999e-07 1.171334588201800320e-06 1.208266072057824714e-06 6.368549137076122997e-07 1.003075732677585736e-06 9.011081310669917267e-07 8.914950229103530047e-07 4.799635712857493718e-07 4.030274377345156283e-07 -8.484141163072785791e-08 1.974014368492112797e-07 4.402499345950588173e-07 4.187763311520921510e-07 2.828309227349999838e-07
3.482979201461626766e-04 3.484928170551127458e-04 2.126961601949452110e-04 1.558636908773852574e-04 2.431674677797998651e-04 9.760286573410508273e-05 8.667287794775221737e-05 7.069360095102274536e-05 5.516552069412027158e-05 4.794421672219676859e-05 4.188170143866871254e-05 3.530317706668616005e-05 3.015937191130147247e-05 3.050684911577246467e-05 2.802633263156028854e-05 2.169894324074725928e-05 2.233021540406533045e-05 1.840056839046166383e-05 1.538970976118274688e-05 1.676591549891472778e-05 1.746849835134246492e-05 1.533808873671477845e-05 1.092073026807832218e-05 1.262711066920674575e-05 1.172587319556622639e-05 1.021919528467092269e-05 9.716358890163759001e-06 8.685040307577346613e-06 8.095115356325933214e-06 8.417649267489692386e-06 6.408755520251881297e-06 6.195701602214728272e-06 5.865057320416163536e-06 6.199384454811693918e-06 3.945616192686805912e-06 3.836312715511400881e-06 3.991602311461361536e-06 4.558008589572988936e-06 3.819548325567758017e-06 3.006877484479388906e-06 2.553087585896727445e-06 2.183167387952452634e-06 1.864825209849958164e-06 1.809372440340598055e-06 1.943578437640111624e-06 2.210606550623433506e-06 2.932124723731181558e-06 2.071397469710572350e-06 2.389829089603960257e-06 2.445087012442619184e-06 1.751205084191780201e-06 1.618828509597274313e-06 1.486646585356092851e-06 1.520590827887170419e-06 1.567576166750807226e-06 1.063591918190104031e-06 6.501893993623684416e-07 8.469744419174782781e-07 6.719141714670408667e-07 2.003285145181391899e-08 3.533385259851254259e-07 9.041018554195049339e-07 1.005058139762585033e-06 1.110138120200370484e-06 9.781035462296070762e-07 9.535320237630359412e-07 1.093505036145169849e-06 5.602547044741602242e-07 4.363156259697485830e-07 5.203098913347476392e-07 8.766891495027689334e-07 4.626357325966816608e-07 2.416751836091372066e-07 1.780309688738336562e-07 -1.554340594138064218e-07 1.518501001351880386e-07 3.532159697421536830e-08 -6.571001736037653164e-07 -3.046684923032198719e-07 1.859535284053959578e-07 1.335819717701133943e-07 -2.960788808594878805e-07 -3.747946458351321853e-07 -2.358351392825861741e-08 1.667409190208092649e-07 1.165791429804840073e-07 -2.938748891860186232e-07 -1.122494720587534541e-07 -1.939260935551246732e-07 -6.320579785991939463e-07 -6.286375231492598687e-07 -2.905159238556824416e-07 -4.527358060633266144e-07 -5.298594896447464517e-07 -3.016674488972284187e-07 -4.466356624116176937e-07 -5.515744880642738491e-07 1.284104056208585271e-08 -3.165972298665627439e-07 -2.055329653579253626e-07
2.619648634950652198e-04 2.357821351213284600e-04 1.417820428185002566e-04 1.240559602915450169e-04 9.760286573410508273e-05 1.595890254621493089e-04 7.605734348393680287e-05 6.599696333425754836e-05 5.040279969279860362e-05 4.295529383534299749e-05 3.939088865535987053e-05 3.342326780986451003e-05 2.831539964829535232e-05 2.705936849058487403e-05 2.536971628785348042e-05 2.023819582842077225e-05 2.033319782876810361e-05 1.670383176788661796e-05 1.656405511337636941e-05 1.613650484294538109e-05 1.540077329356364156e-05 1.502889751676562048e-05 1.192375563263512656e-05 1.281831548706028726e-05 1.073215857420926139e-05 1.027592012537019935e-05 8.237426857118513904e-06 8.720980498683910710e-06 7.607964935353870256e-06 6.773460085967316260e-06 5.818643879345714067e-06 5.575322721200741252e-06 4.915737303404223294e-06 5.285298266645175985e-06 3.904461740846300445e-06 3.424921350020074012e-06 3.782474912447927373e-06 3.638434270122918650e-06 3.209583939115445528e-06 2.328453936648512147e-06 2.218380258369764159e-06 2.311144821107403406e-06 1.947415587885473933e-06 1.605029530806376063e-06 1.544689497854938225e-06 2.016300805546981615e-06 2.178660709468065410e-06 1.415462790756622933e-06 1.953188188965951000e-06 1.843173583031407539e-06 1.721923989919065761e-06 1.667888619128538793e-06 2.052403974960510637e-06 1.738184113304096483e-06 2.916437354306282791e-06 2.260660320833863138e-06 1.449994772162967420e-06 1.344098767720865960e-06 8.418670076486391990e-07 7.350338646712174673e-07 4.409115633615895250e-07 1.021908829114174387e-06 8.338167277960742509e-07 1.233096278954823126e-06 1.299216348811001433e-06 8.341374122622190193e-07 9.496477445979038872e-07 6.946292313325391364e-07 9.747264990911518090e-07 6.425810137706652469e-07 1.095454427990067481e-06 5.979599580737938764e-07 7.694227181505011613e-07 6.472581892234824255e-07 5.318258795363677302e-07 5.134794070608415121e-07 5.568851268488144235e-07 4.597880629810299339e-07 5.947431306681095877e-07 9.901289161624873076e-07 7.459149611930566858e-07 4.876637605814553435e-07 1.574231094599501313e-07 4.928622422569556113e-07 7.456927753615252657e-07 6.948735357356752592e-07 5.519655290815859682e-07 3.564861059237984750e-07 3.226272456158530752e-07 1.758041713740119659e-07 3.715506399029181201e-07 2.355227185115277432e-07 3.357356814286328343e-07 3.406499615292548130e-07 1.966198582878300912e-07 2.274487474306164852e-07 -1.324912725454363205e-08 8.965462721649313908e-08 2.384452423135911514e-07 -1.163718791716189759e-07
2.180356275457996629e-04 2.111273447786141328e-04 1.189193362739323154e-04 9.985458940988829724e-05 8.667287794775221737e-05 7.605734348393680287e-05 1.176346420925416717e-04 6.491552046673845766e-05 4.966117209459582798e-05 4.412110931067700570e-05 3.609243791498584843e-05 3.216209136597307044e-05 2.701811146891447310e-05 2.454299887984477070e-05 2.317577785015405327e-05 1.841808303685078761e-05 1.864268845239799058e-05 1.465462672189525040e-05 1.422758040613559412e-05 1.395918948801176962e-05 1.334393979772463806e-05 1.226144149139577433e-05 1.029321821202646763e-05 1.044127153547526263e-05 8.795683007079799185e-06 8.220627234685149722e-06 7.075442050139909427e-06 6.774092850356439273e-06 6.663571963672266412e-06 5.858942699022857948e-06 4.227902546960656830e-06 4.762840155161854051e-06 4.094535392313852801e-06 3.834887994493395612e-06 2.918197841505633322e-06 2.385922870355488771e-06 2.647326097112790225e-06 2.611924637871569206e-06 2.126266694983412417e-06 1.811670878588680888e-06 1.303678645286101517e-06 1.191331565798511062e-06 1.324943441318331650e-06 1.560041016555367546e-06 1.490750891531170795e-06 1.252378367654975056e-06 1.990478245011934277e-06 8.956852278065853697e-07 1.488397068722957833e-06 1.465495191565556923e-06 1.782789434878005239e-06 1.285213992348849177e-06 1.599467784494626924e-06 1.362451486797314725e-06 1.493175561374808398e-06 1.373094252718558948e-06 7.941777424640082450e-07 7.944637696137401107e-07 5.247562092081029797e-07 7.143503324122888674e-08 1.189884755541747955e-07 4.861884746281739385e-07 2.624565978792052433e-07 3.600878105783294667e-07 3.812362861139231439e-07 1.089234944976498235e-07 4.622125464617682485e-07 1.796163684842524119e-07 1.757333351317890889e-07 1.104851736423376999e-07 3.591456580484342527e-07 2.337428839065616318e-07 -2.585095842928552654e-07 -1.024896808985102799e-07 -1.818623195062656203e-07 -1.766032680620197021e-07 -2.605050776187758623e-07 -5.470132550329198573e-07 -3.101627161523796108e-07 2.667326883813328731e-07 1.973966748060689377e-07 -2.539010100501432137e-07 -2.905679709381554633e-07 1.923464630397365185e-07 1.051045306342834829e-08 1.163121726507738829e-07 -3.821314496228514998e-07 -5.876264920629699068e-08 -3.316761591033961663e-08 -9.041500253268627528e-08 -7.309565034251879830e-08 -1.060922971114093172e-07 -4.661876861966723760e-09 -5.385484162929774199e-08 4.465065183887472149e-08 -2.569039402575348912e-07 -2.211193139156931006e-07 -2.663043642296173413e-07 -2.156121529425001323e-07 -4.720783268801057111e-07
1.949692860608602172e-04 1.708906488688577180e-04 1.116070103721763477e-04 8.599708621613396027e-05 7.069360095102274536e-05 6.599696333425754836e-05 6.491552046673845766e-05 9.340713803860621622e-05 5.002489887250006746e-05 4.461123148004584200e-05 3.718474361124366156e-05 3.253875160675327494e-05 2.661903029608021000e-05 2.423358437009804343e-05 2.295791802416369016e-05 1.989391830270484060e-05 1.822589044401843559e-05 1.643370930508487870e-05 1.549443902080422552e-05 1.403650372029814304e-05 1.360306489057031549e-05 1.209719631420374356e-05 1.045344526555688089e-05 1.061473693356908610e-05 9.409580559361982043e-06 8.867106366779594509e-06 7.584680923505896283e-06 7.380809337902904946e-06 6.895311398860490524e-06 6.019930719796135480e-06 5.321491916579621790e-06 4.587848549698782033e-06 4.984999749391359251e-06 5.141962997980939949e-06 4.005161517425871493e-06 3.668673036294698581e-06 3.884425883160087960e-06 3.686610191090630203e-06 3.311547905548749025e-06 2.691803763553114203e-06 2.565785321747874687e-06 2.573517201803476438e-06 2.307310337763107689e-06 2.307233677452614800e-06 2.129500466066905333e-06 2.045852154229624330e-06 2.517087933774281461e-06 1.933700979912501039e-06 1.763234925963955753e-06 1.768871465790394875e-06 1.649498448123782564e-06 1.853791030089836112e-06 1.873606729207374947e-06 1.829436474404863719e-06 2.162429063122355084e-06 1.520504707402531356e-06 1.221970500154747669e-06 9.265526528662839218e-07 9.294821490139342171e-07 9.558894879384294008e-07 8.292588261755800618e-07 1.429019260590577612e-06 1.184555897316885249e-06 1.025027366801577230e-06 1.001079913676773730e-06 8.538745963398972270e-07 7.243034062446568520e-07 6.351535456866043924e-07 7.105653746932085782e-07 5.503141537196007970e-07 8.010544711623181501e-07 8.576976247222988963e-07 4.568059156858354078e-07 7.921098522320966190e-07 4.921015194946548769e-07 4.930956973170620575e-07 5.244920839460309742e-07 3.098289720928648729e-07 5.471680813329166343e-07 8.809994972063713085e-07 6.298895607840974758e-07 3.551311901276719061e-07 2.272154698687146289e-07 6.923677555357608934e-07 6.570312642368521507e-07 6.081221767317822835e-07 1.948274326526542716e-07 4.083616933382436937e-07 4.929642315342912676e-07 3.453971675461414891e-07 3.926346939904715378e-07 4.277900387790457683e-07 3.145694405017244788e-07 3.705496840443816789e-07 3.302261077525338483e-07 3.247242173333185916e-07 3.691127246013757993e-07 2.447401947414402009e-07 1.451174028077882341e-07 -1.810735005749293140e-07
1.449160050105940240e-04 1.402009133022439377e-04 7.785105433903997865e-05 6.018343261848705072e-05 5.516552069412027158e-05 5.040279969279860362e-05 4.966117209459582798e-05 5.002489887250006746e-05 6.679360544655691225e-05 3.828245851141439369e-05 3.533614990166903492e-05 2.829425020299788430e-05 2.379495701009507155e-05 2.145574827198793065e-05 2.019066091991111341e-05 1.774111872448529907e-05 1.693164251566257287e-05 1.447493185555267813e-05 1.343920001396415468e-05 1.256436285385030437e-05 1.171201081653578318e-05 1.097255422049826304e-05 9.524092685423564376e-06 9.689797192019826438e-06 8.626891099675360064e-06 8.138571832523751586e-06 6.887836205061970074e-06 7.207811801596222867e-06 6.608342790055713919e-06 6.086895592420387754e-06 4.979694620953481604e-06 4.764224713508209840e-06 4.338522866690051260e-06 4.356493440209615720e-06 3.383656423455137802e-06 3.492220164634995698e-06 3.639952874909703038e-06 3.347690734096688597e-06 2.963144065918346899e-06 2.449892364514948891e-06 2.330058608888870579e-06 2.068639990590494610e-06 1.862187280805289000e-06 1.544173265503144639e-06 1.815951450163360175e-06 1.739320742848414119e-06 1.924077809675857542e-06 1.131292071943140279e-06 1.121004012182612350e-06 1.096154061412319008e-06 1.042782791025207843e-06 8.142587559535119473e-07 9.703275935609254251e-07 1.064134762588760111e-06 1.006306938652930873e-06 7.413845356622157829e-07 6.063349993321763904e-07 4.471477315322921321e-07 3.327052267081365503e-07 3.838679470719623571e-07 4.433578101142738677e-07 5.401004597540518077e-07 3.539127040845596026e-07 7.269720751963979432e-07 4.384255502628195468e-07 1.700596102037825384e-07 2.301269585361796243e-07 5.490190545256379139e-08 1.411971909882990025e-07 5.864880461032632940e-08 2.614799969921327301e-07 2.116433984874604458e-07 4.808690584946758817e-09 1.709866680823343895e-07 3.142735612016052975e-07 2.205110437332373321e-07 4.205114480805513078e-07 8.360206250798807476e-08 1.172095161045774074e-07 4.760180409708626335e-07 3.974070840792960680e-07 2.408199926357837566e-07 1.093176752284688722e-07 3.390834366552864590e-07 2.441051191426350107e-07 2.265132201941825832e-07 -3.012394666402078681e-07 -4.954552212929264986e-08 -1.484842382614410183e-07 -1.116778488029319986e-07 -1.624433153869527334e-07 -1.177654681834260564e-07 -2.501401967707274133e-07 -1.371278831528991957e-07 1.705690387416495176e-08 -9.654241527755802110e-08 -1.829201548514956749e-07 -2.214388965182708947e-07 -3.224479824082885326e-07 -4.663701855067692204e-07
1.091511476810534068e-04 1.170102390246230173e-04 6.334470813305356036e-05 5.389846081572841502e-05 4.794421672219676859e-05 4.295529383534299749e-05 4.412110931067700570e-05 4.461123148004584200e-05 3.828245851141439369e-05 5.560955073854408667e-05 3.434904394431848636e-05 3.033004154335867754e-05 2.443820795553722919e-05 2.183645835902239417e-05 2.125279554919725438e-05 1.797386249551140460e-05 1.649506089810787651e-05 1.491230063760505344e-05 1.362903390277618523e-05 1.275348758118385412e-05 1.235699116280462745e-05 1.137357850062232038e-05 9.894592589355534671e-06 9.687827178420164694e-06 8.921291804201605648e-06 8.588469574165184104e-06 7.598042350979352652e-06 6.717151321061703551e-06 6.371375825979904011e-06 6.270563489789534398e-06 5.854007352399920436e-06 5.445191358345069543e-06 4.814306125890397534e-06 5.006217064996803289e-06 4.040849613125832464e-06 3.869076652350075698e-06 3.960593704904300700e-06 3.499727827410229456e-06 3.275479668293770679e-06 2.739460981805584243e-06 2.590314148450314132e-06 2.679110932023254184e-06 2.577894390226873646e-06 2.337655865596979893e-06 2.213612993875685410e-06 2.059372177724171989e-06 2.401389800440587841e-06 1.597170759378585665e-06 1.662045085060022761e-06 1.684133814947195386e-06 1.562035227101556948e-06 1.482124796983052376e-06 1.604835228229169386e-06 1.519590108382901176e-06 1.830437396275388624e-06 1.231873073050535742e-06 9.063694675331302741e-07 9.627482128512925577e-07 8.921646577079768405e-07 7.155537519591317488e-07 5.881170194655714882e-07 7.118006689864089322e-07 4.910610412615427791e-07 8.450212230686726355e-07 4.817301657953463907e-07 3.561933930102098587e-07 4.191698961203392486e-07 2.112326156542284517e-07 2.323112023091111080e-07 1.623441843440041080e-07 1.802096482334233980e-07 2.167456404396789394e-07 -1.025982090843585064e-07 -4.933726508437294735e-08 -1.567327705277960141e-07 -1.111352627180899353e-07 -1.228534269962359200e-08 -4.150258348695586703e-08 -9.707215370033578403e-08 1.599171419439002146e-07 1.911374458749674048e-07 -4.247105027000837477e-11 5.377514158281988443e-08 2.998958856568918720e-07 1.708097755210496804e-07 3.304872321574821203e-07 -5.226786692728139681e-08 2.031604434808837053e-08 1.082932780608015519e-07 1.274435928860568290e-07 2.108560931180223271e-07 -5.606971126119657441e-08 6.658556523993836961e-08 1.972390341918319731e-07 2.573341855662508784e-08 9.175098907553090593e-08 5.785807892131563178e-08 7.891561038726230357e-08 -9.049514284440227762e-08 -3.019574040374623531e-07
1.161159875237751375e-04 1.008513849345059831e-04 5.284713412723707172e-05 4.989235425043473467e-05 4.188170143866871254e-05 3.939088865535987053e-05 3.609243791498584843e-05 3.718474361124366156e-05 3.533614990166903492e-05 3.434904394431848636e-05 4.595578531440445101e-05 2.979563259770482225e-05 2.504869282778168511e-05 2.170528743581470572e-05 2.138421277720104437e-05 1.831679329427073644e-05 1.627728403671038123e-05 1.449400637783109624e-05 1.312024152134416677e-05 1.244056252287097195e-05 1.221237399456308089e-05 1.119629312259541429e-05 9.775484145961333503e-06 9.759748579748944898e-06 8.989710345262144232e-06 8.794720426036429223e-06 7.123088426222644921e-06 7.042770112740671591e-06 6.373021651541215607e-06 6.254345798371954926e-06 5.123125093250540055e-06 4.900042016185809002e-06 4.591343534104947527e-06 4.822483303098128858e-06 3.749435569471389303e-06 3.589064544893424304e-06 3.711078269388942047e-06 3.273890277673828151e-06 3.104731685541894999e-06 2.878203687916978981e-06 2.738860391138223221e-06 2.456688714196193640e-06 2.295523416606127150e-06 2.006978018583653663e-06 2.177703904888395788e-06 2.092721388338890226e-06 2.151811167569435522e-06 1.768380813213457009e-06 1.632720004112255992e-06 1.773808466488900714e-06 1.552352192815406813e-06 1.268652662069175529e-06 1.465848440784230079e-06 1.562531363083081674e-06 1.501262603560091964e-06 1.255634006975814990e-06 1.017498767633765800e-06 1.003172313787845701e-06 8.387338032131242080e-07 8.837836458846098473e-07 8.251552582244546939e-07 8.887751215212745891e-07 6.476984135729490964e-07 1.008400128237462502e-06 6.345597253277165650e-07 4.888346496928557919e-07 4.841658528192029005e-07 4.804827070624127205e-07 6.193457245654232888e-07 4.180073161477318372e-07 5.097482351164070216e-07 4.635580748708641709e-07 3.641828655438798945e-07 4.177794473442221512e-07 3.844267692114230113e-07 1.411744885385360445e-07 4.086110546695728373e-07 2.709250728292356953e-07 1.838927954793423656e-07 5.171460784275898111e-07 4.224905423722870482e-07 2.837581353188665644e-07 1.973106095235165715e-07 4.206502145325493406e-07 2.345169414206750810e-07 3.604059305085483532e-07 -4.257401083570766459e-08 4.375977751229718096e-08 9.830691355903691131e-08 8.031899696133778510e-08 2.454959064539828656e-07 6.374573231074413604e-08 1.190308936423795248e-08 1.448221035276691018e-07 1.386102681423486128e-07 2.056144215461284327e-07 3.073788937883536791e-08 1.214313043562997918e-07 1.910558477166005684e-08 -3.852614011005239214e-08
9.612204470681152101e-05 9.000430587759462972e-05 4.873735882144375367e-05 4.276580323356099831e-05 3.530317706668616005e-05 3.342326780986451003e-05 3.216209136597307044e-05 3.253875160675327494e-05 2.829425020299788430e-05 3.033004154335867754e-05 2.979563259770482225e-05 3.774785280602421328e-05 2.408719982484815078e-05 2.076801458872929793e-05 2.004691700103664902e-05 1.754583299401071565e-05 1.672753709235456356e-05 1.430376516873598610e-05 1.289368201916914231e-05 1.184971834358573384e-05 1.160975368181883205e-05 1.078461798698158568e-05 9.749302475523307715e-06 9.351725677047199685e-06 8.236758720872489498e-06 7.908454629470920060e-06 6.974042084874280556e-06 6.903853632135568070e-06 6.000429207395746432e-06 5.967407626565708908e-06 5.251959106252444153e-06 4.476474710029779344e-06 4.171445524001145146e-06 4.407310851993041740e-06 3.874268401550175374e-06 3.443259720974113856e-06 3.537612622223368160e-06 3.116392495383546173e-06 2.969434294467182710e-06 2.639635663569514866e-06 2.484689829211468087e-06 2.398785071288108479e-06 2.268284556708993089e-06 2.151722768641319650e-06 2.095298122973028931e-06 2.139017956969764311e-06 2.171881492035723299e-06 1.683316050522718252e-06 1.724788234912291411e-06 1.498713319133517672e-06 1.548854826504747925e-06 1.538003035266721813e-06 1.698762519016914221e-06 1.720566659069153846e-06 1.721848426544791141e-06 1.493547537503747582e-06 1.214166000707437333e-06 1.193158708043262840e-06 1.082374250724104096e-06 7.836415349706138902e-07 8.699736971624254676e-07 8.977323369760100017e-07 8.663683515897258797e-07 8.819134960297732245e-07 6.586689700692950545e-07 5.780398349654881623e-07 6.277581264227131515e-07 5.222455357277697130e-07 6.052108896876450104e-07 4.446826806478236784e-07 4.353970089240504704e-07 4.372798272910112086e-07 2.406175872759953908e-07 3.749783269664600954e-07 3.224076580724274193e-07 2.405783139175020345e-07 3.261025219184182649e-07 2.752808719842177652e-07 2.209977618777676019e-07 4.335987146935929936e-07 3.088006043028328932e-07 2.715839010055398238e-07 2.207213153392164851e-07 2.586735432753327850e-07 2.583225565893608202e-07 3.954931103777738971e-07 7.012884861906507735e-08 5.070178663937681583e-08 8.052615792482355612e-08 1.573483600682872894e-07 1.365907195293466445e-07 -3.721085180665672991e-08 1.190887032945913984e-07 3.626136089237552605e-08 4.429787850515837109e-08 1.077533635585532375e-07 9.263221538281942997e-08 4.151769900930797386e-08 -2.049463311224391723e-08 -2.268819003190388118e-07
8.005865632259438790e-05 7.800240786158798493e-05 3.866487261350602450e-05 3.586723352258718662e-05 3.015937191130147247e-05 2.831539964829535232e-05 2.701811146891447310e-05 2.661903029608021000e-05 2.379495701009507155e-05 2.443820795553722919e-05 2.504869282778168511e-05 2.408719982484815078e-05 3.192499389008529852e-05 2.074867756410915756e-05 2.028974435946902626e-05 1.746402824889209762e-05 1.617138489472432956e-05 1.401496596013313647e-05 1.334056851952592663e-05 1.252450082325017650e-05 1.166928236051187872e-05 1.127672289239001674e-05 9.919374146303952983e-06 9.725540534779941339e-06 8.900860398720528052e-06 8.267495792491770412e-06 7.099068965547529196e-06 6.901377152659724979e-06 6.106121040159453059e-06 5.668641879230710820e-06 4.927567102628767314e-06 4.884899902293420136e-06 4.675865297621379340e-06 4.641292454121241629e-06 4.201049354289021387e-06 3.973939891915064248e-06 3.825293906511257392e-06 3.824825178101297368e-06 3.498739386726828381e-06 2.737662621872247738e-06 2.828897853336190633e-06 2.668695291224418764e-06 2.513212391488222255e-06 2.322564711729283088e-06 2.472434700308553265e-06 2.504554408722663013e-06 2.171321648329405223e-06 1.975203838818609385e-06 1.939265392374743510e-06 2.034981962862309185e-06 1.906335287363263485e-06 1.839423003497479209e-06 1.739644568918830139e-06 1.507687605878274292e-06 1.632040794075401354e-06 1.550245706310030142e-06 1.256783675030874932e-06 1.401908889180155469e-06 1.191548496674642151e-06 1.134788468946055771e-06 1.018205491147228049e-06 1.102373135898590871e-06 1.059946566968646493e-06 1.134012654908249944e-06 9.767435120864295258e-07 8.226607019565285103e-07 7.808974469242441936e-07 5.810096644516430875e-07 6.388849415961622668e-07 5.939718541623060376e-07 5.927327983632570935e-07 5.768850511963352692e-07 2.893003228879130137e-07 2.495543351038577901e-07 3.000031715652916850e-07 1.653356387943002786e-07 3.267926885001703480e-07 2.354147690770042184e-07 8.577083554664231233e-08 2.635906241507062000e-07 2.496815421709049691e-07 1.783786794732112206e-07 8.650557793575712856e-08 2.524534986534187359e-07 1.591020211190281015e-07 2.150692082610982420e-07 1.299888506284441825e-07 8.606581317195195769e-08 7.345440735538257061e-08 1.149222875338270009e-07 1.326041371396899024e-07 7.194596661249710841e-10 1.675176599063428680e-07 8.441345129678693552e-08 4.092148674567524012e-08 1.819580082373862209e-07 6.437621451128899449e-08 3.569406919046244616e-08 -1.341980473782769800e-07 -2.824272179214235478e-07
5.144851440393668915e-05 6.809045454027600353e-05 3.396441240364513059e-05 3.144070758518476439e-05 3.050684911577246467e-05 2.705936849058487403e-05 2.454299887984477070e-05 2.423358437009804343e-05 2.145574827198793065e-05 2.183645835902239417e-05 2.170528743581470572e-05 2.076801458872929793e-05 2.074867756410915756e-05 2.733099802358777465e-05 1.934029727831656142e-05 1.702981179199545100e-05 1.562208671053050030e-05 1.416067436723424663e-05 1.285027158961987881e-05 1.217817572809721712e-05 1.113534628130903446e-05 1.073647899114763208e-05 9.353976853021207514e-06 8.888282783683849512e-06 8.405012041084361887e-06 7.731088915810470876e-06 6.952775283030909047e-06 6.565434699277824736e-06 5.983878772560818050e-06 5.682226337106014353e-06 4.776973389724224278e-06 4.573369211905348975e-06 4.453579594686983851e-06 4.190515917832831571e-06 3.529647637721959171e-06 3.655112710622928042e-06 3.495475185779007216e-06 3.227872876095360996e-06 2.954666459292127522e-06 2.705621206817634589e-06 2.498614572446460498e-06 2.487936910572996392e-06 2.229622393075720962e-06 2.038457048291618716e-06 1.902664653710696228e-06 2.018127296191535872e-06 1.989106302839808531e-06 1.680425921382771376e-06 1.702005303887371449e-06 1.653385444962165954e-06 1.644032327292349725e-06 1.484914119948014349e-06 1.528856483310711267e-06 1.383396536362829839e-06 1.391155547320826981e-06 1.270599718161899752e-06 7.891215336724907610e-07 9.488388652771534986e-07 8.211792885100923563e-07 7.370273109617534607e-07 6.224489353610189084e-07 8.640661551152087192e-07 7.180450186364971719e-07 7.099051225124438379e-07 5.436745817426556100e-07 5.462201649080736780e-07 4.751965838982052908e-07 4.044894626365783982e-07 3.913823592392963191e-07 3.129107203588966795e-07 3.427404675429249950e-07 3.639342545613133054e-07 1.615481257017872995e-07 2.390692271786425154e-07 2.492430860626148441e-07 2.077956366129101751e-07 2.641232357319115290e-07 1.618432953917730009e-07 2.800483640473810818e-07 3.760593510616469210e-07 2.549382736889130327e-07 2.803196874516957122e-07 1.901730459766469837e-07 2.672329172659867004e-07 3.039420616693084073e-07 3.058193525445435587e-07 6.487929848064535573e-08 6.806124793609134040e-08 1.780929185340560987e-07 1.058011241753967357e-07 1.009986150209688926e-07 1.588673530966359499e-07 1.943822984357321136e-07 1.101321346686477617e-07 2.765663713352357474e-08 1.753662942827096253e-07 9.572864528791042203e-08 1.076843988756530667e-07 -6.084411429964017026e-08 -1.146898736799101630e-07
7.633594884089918192e-05 6.003918455208863024e-05 3.692113195454894606e-05 3.165178861098468671e-05 2.802633263156028854e-05 2.536971628785348042e-05 2.317577785015405327e-05 2.295791802416369016e-05 2.019066091991111341e-05 2.125279554919725438e-05 2.138421277720104437e-05 2.004691700103664902e-05 2.028974435946902626e-05 1.934029727831656142e-05 2.673531080135188646e-05 1.756599937669595985e-05 1.651404570378774410e-05 1.488209464133964553e-05 1.367126576503519600e-05 1.241565332229364119e-05 1.159565561773324597e-05 1.095100484578907763e-05 9.480231156800221070e-06 9.338790995934368719e-06 8.927672062049106489e-06 8.248464345794906153e-06 6.762528412946281693e-06 6.656560583102207007e-06 5.969992976978242110e-06 5.584150755810543639e-06 5.026797065091315798e-06 4.543166647479008782e-06 4.523080171045750061e-06 4.493220656225761379e-06 3.996032477000589020e-06 3.798389578944921599e-06 3.576706442455447354e-06 3.301741417216468033e-06 3.268001387481196813e-06 2.669691206392239470e-06 2.757557561804660307e-06 2.564437627133336724e-06 2.363157629708903494e-06 2.187146457035885880e-06 2.284128838502437153e-06 2.201834490971683797e-06 2.227200678291635306e-06 2.049044467160506220e-06 1.943911301211677718e-06 1.920156487770620912e-06 1.938568545107907435e-06 1.805937164505913793e-06 1.828648168632886268e-06 1.564349641537083657e-06 1.682431760569980107e-06 1.468311122477544990e-06 1.370019924976176749e-06 1.379148542181569523e-06 1.090044629123151545e-06 1.030359476514156703e-06 9.070722390750237772e-07 1.123507518892005397e-06 9.873927991340754604e-07 1.042412862704969462e-06 8.456044282093156819e-07 8.200893484579243258e-07 6.659550740878358744e-07 6.528087545352929665e-07 6.743664367690705111e-07 6.579642797819368847e-07 6.640410106917686515e-07 5.855595744520738191e-07 4.217671133043476270e-07 4.051212722672598316e-07 4.229094812973635056e-07 3.320186461153700065e-07 5.172994068340186789e-07 3.962646480147129643e-07 3.612638788418855601e-07 3.736823413966830159e-07 4.087631172313157443e-07 3.698807558758491800e-07 2.947140404820057007e-07 4.652210955462532759e-07 3.767292226185386589e-07 3.681693708330854231e-07 1.795958458623721407e-07 1.687656873774990464e-07 2.337284920086016443e-07 1.506518942749500485e-07 2.558483186818281090e-07 1.801012100827536631e-07 1.580854381146603650e-07 6.444079574968151697e-08 6.859730276138493194e-08 1.203815186244546296e-07 7.630722946832223337e-08 7.693819902596037303e-08 -2.909899629807929838e-08 -1.371559410825006237e-07
