1.612410997027424742e-02 8.455630152924524393e-04 6.224471120541523461e-04 4.167554960517525615e-04 3.226641882073117275e-04 1.990833241247364274e-04 1.989133845220293682e-04 1.624939893369797893e-04 1.462986684129894820e-04 7.967092669795467516e-05 9.790293785821604065e-05 7.959650017803237589e-05 7.490695685890900568e-05 4.980541495185875057e-05 6.946600526041104597e-05 6.762470940559487038e-05 6.415666139438007355e-05 5.919715886224783562e-05 5.487965285968239272e-05 6.410075456530322493e-05 5.037208973361555577e-05 5.323446439979135335e-05 4.830729988477830888e-05 6.144593546155489004e-05 5.214432150110074671e-05 4.635059942054746082e-05 3.513382983171836621e-05 4.404718102887194002e-05 3.994032425448624472e-05 3.293453161931134387e-05 2.811592610892827513e-05 2.361365199466123870e-05 3.019401236278207212e-05 2.507348310311519220e-05 1.894541926932501017e-05 1.716148937505167243e-05 1.182833076177838685e-05 2.184337663427192097e-05 1.728038439172951347e-05 4.469361941576110987e-06 1.538539538973895430e-05 1.410495096425681113e-05 1.313372818915483488e-05 1.568858875532505397e-05 1.669963088382341393e-05 2.178879966902595567e-05 2.626811076494186908e-05 1.337817415041239971e-05 1.804934187544853666e-05 1.478231724737666740e-05 1.526441729488353855e-05 1.616529006957897446e-05 1.677301558845183148e-05 1.466668566365261336e-05 1.440517491235598529e-05 1.852465904060525875e-05 1.313179377583323411e-05 1.035828020476821333e-05 8.140217041006452580e-06 3.422562654846199793e-06 1.270520355861291930e-05 8.445576335560535381e-06 7.663402749914903042e-06 3.316253631808021524e-06 6.606631065510421119e-06 -1.682786644156506011e-07 4.641619345384415667e-06 4.611196643041539975e-06 9.856498817455668825e-06 6.696743206508185047e-06 3.332245502480842961e-06 7.633066642430243331e-06 6.148323326358116407e-06 6.253999557321013363e-06 4.182797962372470052e-06 3.578799055292269993e-06 1.140258145861995122e-05 2.785466813395149394e-06 3.868599080422264298e-06 6.909520585844909547e-06 8.788818028199038549e-06 4.399405271959928811e-06 1.550090378428768740e-06 -1.096274247713646073e-06 7.933838459011567107e-07 1.476575010087023062e-06 -3.299812690846118863e-08 1.661495642472101399e-06 4.826799866747932885e-06 1.992184200539420258e-06 2.584658023313538443e-06 -6.940224169359267714e-07 1.992694649354678491e-06 2.266927456689681245e-06 3.201121847227143627e-06 2.867430871387001761e-07 3.103884057661327456e-06 3.174994046258504599e-06 2.087745048696055545e-06 1.471573707619525021e-06
8.455630152924524393e-04 3.485401896669313836e-03 5.013165417187462726e-04 4.014211149143165108e-04 2.731867976761492779e-04 1.770532960818872118e-04 1.667637896953982142e-04 1.243881445375852313e-04 1.006505806195185764e-04 9.075245467034335481e-05 8.395512242277521010e-05 7.170032116358323053e-05 6.100405296429672002e-05 5.360549934743112004e-05 5.137460258278273007e-05 4.594011126656408157e-05 4.155136686352012200e-05 4.010629743937003456e-05 3.035150592905269527e-05 3.596380839248714754e-05 3.538879821651311750e-05 3.333494499893218424e-05 2.625248016284302441e-05 2.916353834407556437e-05 2.110670852798970462e-05 2.371653518012252330e-05 2.489182313870172034e-05 2.145619190118880346e-05 2.176526178967901125e-05 2.005536415658748371e-05 1.934331780552840546e-05 1.731438915190410848e-05 1.494436506398271028e-05 1.637239998831467496e-05 1.575026397773421650e-05 1.079627755242190221e-05 1.383740684072889991e-05 1.298588476407302424e-05 1.262738189377504941e-05 1.248392094500735657e-05 1.223772465474973811e-05 1.135845945077866875e-05 5.963187501729118560e-06 9.654752118011035602e-06 9.190988457696093922e-06 9.782587107730137397e-06 1.056688374072830888e-05 7.447327708423503736e-06 1.108832519324155983e-05 1.242344031480065689e-05 1.168308693116005463e-05 1.012399853959622635e-05 8.501578698059992451e-06 8.500295800013089802e-06 1.057257041450140945e-05 8.750171984679248961e-06 9.209118019787718498e-06 8.644473021631391338e-06 1.009964820887127948e-05 7.400626574304977570e-06 8.509935273046461437e-06 8.031121783765055399e-06 8.267452034095238166e-06 8.142823472104332232e-06 6.476567959662943346e-06 6.459234995882531169e-06 8.243398386215743950e-06 6.847878149872654365e-06 6.754215845229508072e-06 7.763157134884858255e-06 8.191894791258103357e-06 6.215699984724164459e-06 4.942454732443158548e-06 4.076697925754724421e-06 3.936397621767165221e-06 2.875323150361215651e-06 4.063607297470714041e-06 4.273899541614068173e-06 3.662578947172673870e-06 4.490399575744260820e-06 4.310852519132201426e-06 5.446313232965450258e-06 3.349796347130151776e-06 4.371772136224016441e-06 3.032134535687973044e-06 4.822516961075751005e-06 2.599863635752091769e-06 3.565154237066768314e-06 3.726597016301664649e-06 8.047920626490441948e-07 2.095705908172067910e-06 2.270581261060505696e-06 4.316157407912432826e-06 2.944810661133945746e-06 3.245812488771888735e-06 8.473715212478313140e-07 2.900584055731053480e-06 2.378485045329365834e-06 1.295188326447561312e-06 1.099123075326907650e-06
6.224471120541523461e-04 5.013165417187462726e-04 9.138719720066638703e-04 2.049812788665760931e-04 1.823655925321029253e-04 1.103394215403136165e-04 1.014041199172380388e-04 8.361947960251679929e-05 5.960194807962511604e-05 5.099330365019739134e-05 4.610583565492641422e-05 3.866930756271682977e-05 3.255354544493776987e-05 2.789097697800476159e-05 2.740631366801418495e-05 2.354402877118024913e-05 2.101773554444899325e-05 1.429603649851219833e-05 9.697944669853586521e-06 1.735592904518967560e-05 1.483692603267734321e-05 1.317557284511677214e-05 9.635794542953566007e-06 1.544427583954610989e-05 9.978715575048393663e-06 1.248866322317258345e-05 1.174907172967045720e-05 1.012800595838402618e-05 1.050157447384217564e-05 1.148652637033010801e-05 9.889049252936074784e-06 6.238623263092780680e-06 5.861894440987218483e-06 7.213071419128857641e-06 5.233590887046356250e-06 4.664980447281695339e-06 7.391285136140055353e-06 5.948994758943029696e-06 6.380466312877786093e-06 5.747958305270183724e-06 4.974379948992268467e-06 2.390824926360285086e-06 2.202101080157727863e-06 2.272991597739217084e-06 3.027145032886652148e-06 4.098719011519413166e-06 2.888090066465531528e-06 2.282337628487275886e-06 1.916231006912525955e-06 3.443877702005768692e-06 1.862961145426555388e-06 1.609691279232013379e-06 1.613869883565396223e-06 4.059392089801781949e-07 2.285446725909446728e-06 7.514172428662180207e-07 8.578234353992823921e-07 1.279869312572491865e-06 -5.105041473078405295e-09 4.201342240875458452e-07 6.674077338157730382e-07 5.865701673607331354e-07 -6.323682688245702235e-07 -4.546594011683124550e-07 -4.189845038923761956e-07 -7.003278180536579467e-07 -1.344598000358749324e-06 -1.751375601891691681e-06 -2.746168037993721536e-07 -7.715123276244701453e-07 8.824169974455670130e-08 6.427868986434638460e-09 -3.769848792677891966e-08 2.161412739029862238e-08 -9.734315986385691676e-07 -7.018147343269387061e-07 -2.798737921313810787e-07 -8.852115552852275449e-07 -1.079839934165677989e-06 -4.812672124288445414e-07 5.926777098930900311e-07 -2.925599338620538481e-07 -5.349875405757734764e-07 -2.566995115713441993e-07 -4.738269341963015238e-07 -3.169844773684146622e-07 -3.140522222670958488e-07 7.244723626614354322e-09 4.966843720429961090e-08 -7.843333798762791003e-07 -5.859907227612778429e-07 -4.837192463819763476e-07 -3.831912372534879165e-07 -1.132829158738622130e-06 -7.273342560322510661e-07 -1.433814970511394688e-06 -1.253066223125602169e-06 -1.166303517345485159e-06 -1.542541127910972135e-06 -1.603848886053286513e-06
4.167554960517525615e-04 4.014211149143165108e-04 2.049812788665760931e-04 3.823216236070743732e-04 1.278836444444816337e-04 1.006095045868653313e-04 7.972154353596073767e-05 7.142807661111107197e-05 4.713240861916456878e-05 4.181762016306122740e-05 4.209647902230631632e-05 3.631462722294418789e-05 2.820461038527719323e-05 2.386826620636422274e-05 2.528342439478362344e-05 1.927517956737783748e-05 1.819632779669466463e-05 1.465290958351297550e-05 1.513142187087841341e-05 1.513705384456076054e-05 1.599609633850181291e-05 1.355347427266588963e-05 1.250402378523141982e-05 1.156580113583475337e-05 9.520937515627632362e-06 8.539898822623106587e-06 8.877411104402639186e-06 8.973437940387118952e-06 7.331140450510517747e-06 8.406269970167258094e-06 5.317394005394460140e-06 5.101920684815884456e-06 4.974098509533556155e-06 4.658689887926101165e-06 4.323901014991891554e-06 4.534155792634025628e-06 5.069898899748812567e-06 4.150976155029848328e-06 4.989069520848061019e-06 4.653045724789915417e-06 3.785516934985444723e-06 3.548000730749461165e-06 2.808875234156798569e-06 3.378810037633487511e-06 3.604579577158751870e-06 3.038598514130816107e-06 3.451352866051087964e-06 2.972521307741505580e-06 2.690658132207518924e-06 2.861394078671955629e-06 3.165954312982419856e-06 3.131271505940352116e-06 3.217223476747447193e-06 2.640012542202421072e-06 3.180858310685056187e-06 2.683152231075761202e-06 2.787027466648087840e-06 2.398775041296642162e-06 2.818848837060437530e-06 2.267109727496482531e-06 2.536322959176972847e-06 2.511286993166672930e-06 2.454942842896955981e-06 1.966972302244829873e-06 2.445364325902771520e-06 1.802673155099074312e-06 1.232674362710710227e-06 7.574990841746431714e-07 1.878572058574307787e-06 1.098698857563572466e-06 1.772845681040130938e-06 1.407983387954753188e-06 1.677069314971774716e-06 1.270707538408622449e-06 1.306499560975082516e-06 1.139674512658328349e-06 9.631708023371660298e-07 7.482591537453675558e-07 7.661607730577265373e-07 1.569170766219666124e-06 1.248380405455994204e-06 9.102511434628355364e-07 4.124474178976230666e-07 8.372132851432592338e-07 1.019844732211093969e-06 1.588918285713008713e-06 4.037829666017898493e-07 8.639136871455848388e-07 9.987154727964933216e-07 4.735048356819825565e-07 7.649446483859231846e-07 7.277923133232967068e-07 6.247971145265774567e-07 4.587478377406280237e-07 5.336137969725440965e-07 2.975351461924729615e-07 3.567641381441248813e-07 4.543921866744340194e-07 3.340509853214599386e-07 -2.141138813501135505e-07
3.226641882073117275e-04 2.731867976761492779e-04 1.823655925321029253e-04 1.278836444444816337e-04 2.192615405924955459e-04 8.139162520378763325e-05 7.468837134552922387e-05 6.141096117022263321e-05 4.588902769302803355e-05 4.069976815483262051e-05 3.673442642398219569e-05 3.052510311071717245e-05 2.639436676228889287e-05 2.449116832105358753e-05 2.254048875081997498e-05 1.924113838948344376e-05 1.943811464907073695e-05 1.666050862891952663e-05 1.408581912716980503e-05 1.460525859334651587e-05 1.508660486411660040e-05 1.244733547806771560e-05 1.022725717235107776e-05 9.625281922617765108e-06 1.004566343653288806e-05 8.454816182435795455e-06 8.385694794215666013e-06 8.071760657684280078e-06 6.858878591995426809e-06 8.324911254210185370e-06 5.240217967286331744e-06 5.596840097271672698e-06 5.074209698226175455e-06 4.171087171400315306e-06 3.748563613761012544e-06 3.461717538205436533e-06 3.840330271894308935e-06 4.491027453518366614e-06 3.777335264886658677e-06 3.153609825188559838e-06 2.937967616428610024e-06 2.367232799957976096e-06 2.567862363872075015e-06 2.057430661369412810e-06 2.990654442301525229e-06 2.142757940336251695e-06 2.836405436879483084e-06 2.597897403607243576e-06 2.739290435826338982e-06 3.162984273751370800e-06 2.225180722311413406e-06 2.233404920044662070e-06 1.582562057450231894e-06 1.770608760088593346e-06 2.083875980479439890e-06 1.656175849243624332e-06 1.298359062187996712e-06 1.569074306920078855e-06 1.572273368056903380e-06 7.318457897601257817e-07 1.518512238581627960e-06 1.595016353570454353e-06 1.116831426133314423e-06 7.342536584651247786e-07 1.510808963717179843e-06 1.450723587018185425e-06 9.918514557369764359e-07 7.055897058529441742e-07 7.848394204724486596e-07 7.992118359543198943e-07 7.748375355397400616e-07 7.737171233248276742e-07 6.821628274277795372e-07 3.143216293589685443e-07 1.169166751445389855e-07 2.311980986136947344e-07 4.856644736184299207e-07 7.856154404630823012e-08 2.620351533349184976e-07 4.487499338621400578e-07 4.859459105748181246e-07 2.129697317464005734e-07 -3.998971730382040344e-07 2.321016731400053093e-07 4.139735850616616180e-08 3.435185024348013485e-07 -3.230164089751762040e-07 2.705512184722120554e-08 5.607714414655414285e-08 -7.156802296515846446e-08 -3.078529713309708429e-07 -1.090959178243904757e-07 3.922387424076370276e-08 -9.819270351598594130e-08 1.356991369265976538e-08 -1.387341495834378438e-07 -8.148905397133528671e-08 2.275148150676375661e-07 -1.615542231467211812e-08 -2.391558969373679200e-07
1.990833241247364274e-04 1.770532960818872118e-04 1.103394215403136165e-04 1.006095045868653313e-04 8.139162520378763325e-05 1.373833553109363355e-04 6.588452676320492244e-05 5.508735745587675024e-05 4.184172864440937749e-05 3.696049949170068468e-05 3.272838380659787464e-05 2.785963077610764506e-05 2.208017131081317985e-05 2.205488486189260288e-05 2.027906460606901634e-05 1.735165830585981984e-05 1.604363455804226971e-05 1.249514267950292871e-05 1.215939496250077280e-05 1.284391965266243281e-05 1.282146604507295023e-05 1.149321705576253046e-05 9.950056617462416778e-06 9.698348180009647528e-06 9.038861950571306161e-06 8.075545098592548594e-06 7.101323008519465524e-06 7.054331635804005407e-06 5.934057613444305994e-06 6.557831658051872706e-06 5.263374486960510230e-06 5.018246026687345601e-06 4.693811577360406402e-06 4.198608628012473705e-06 3.861285882107280130e-06 3.214525783089238231e-06 3.783399629386928344e-06 3.361324940577323845e-06 3.064850507601800615e-06 2.917143044009531091e-06 3.000907593575210598e-06 2.725276390133986732e-06 2.470437487278470791e-06 2.378581922614546800e-06 1.905190270657197461e-06 2.333007070113428687e-06 2.544609158518317390e-06 2.377341885710250560e-06 2.097049574410308733e-06 2.503211477955897053e-06 2.077921233391603118e-06 2.316325550887468494e-06 2.174534870768270491e-06 1.881321070491016190e-06 2.695418512743321261e-06 2.253682782918591695e-06 1.592040063060431060e-06 1.870921732555308669e-06 1.287414749632137916e-06 9.990236391392058152e-07 1.280917632473285904e-06 1.538961495676533243e-06 7.846606030135200257e-07 9.105625870412922570e-07 1.131636640084151693e-06 1.170507699641135048e-06 9.864249393029368179e-07 7.902509931182722439e-07 9.819456083460484594e-07 8.306133983457097631e-07 1.061811039249101868e-06 5.339998335620745668e-07 6.292663391315182005e-07 6.681982685254131392e-07 7.474243312317349723e-07 4.434883501911306614e-07 4.878260281858458967e-07 1.919370521588889649e-07 6.766160372349215742e-07 8.758226642092630819e-07 9.769760054203585407e-07 6.965496731955033622e-07 2.090489380437960981e-07 4.465989241325695004e-07 5.584992836411564788e-07 9.053577200907047248e-07 4.308827384272297439e-07 4.825974607882026357e-07 4.199066183447992335e-07 3.659707176450312539e-07 2.737628057871636478e-07 3.780986052156895280e-07 3.248758348091743434e-07 4.706437168601300530e-07 9.023915224576249399e-08 1.550867942507681124e-07 1.083449223118512368e-07 2.025259300560595395e-08 1.761345642721106994e-07 -1.766032980925038914e-07
1.989133845220293682e-04 1.667637896953982142e-04 1.014041199172380388e-04 7.972154353596073767e-05 7.468837134552922387e-05 6.588452676320492244e-05 1.043563622278638350e-04 5.358945348756735400e-05 4.100565837750579762e-05 3.448242602206700214e-05 3.035263854415419789e-05 2.586421146590408489e-05 2.054002388898603116e-05 1.936676734940070657e-05 1.906200351621280118e-05 1.601093720201182579e-05 1.448164727721279823e-05 1.265233219618237496e-05 1.147601460061961596e-05 1.160621258340266205e-05 1.049810873572864775e-05 9.507618386608447298e-06 7.788458266205946815e-06 7.228875868793613613e-06 7.120428741403264353e-06 6.688676973288683461e-06 5.858454076611675276e-06 5.437603962655954185e-06 5.331302850226857508e-06 6.057418671206657706e-06 3.789375666682839968e-06 3.728994520621115522e-06 3.612210923653326078e-06 2.999656284827393722e-06 1.976951443128864229e-06 2.044236386441955017e-06 2.386861311772469819e-06 2.506329160986687869e-06 2.018783805213148285e-06 1.824878125127412225e-06 1.739839431480905333e-06 1.265896246643560348e-06 1.570909995067991981e-06 1.630451887200623732e-06 1.826233838202376197e-06 1.142349823703045871e-06 1.953077897329165220e-06 1.073414609681376508e-06 1.260992970183453140e-06 1.587187770840175922e-06 1.847901693641174954e-06 1.250439656423919015e-06 1.533213339001979296e-06 1.028351762350710292e-06 1.540458979383015666e-06 9.909640646231214810e-07 6.857967880786041895e-07 8.307677056661533032e-07 7.824894022938798964e-07 4.563114678412974908e-07 6.666266360194408429e-07 8.308197376355898826e-07 2.785215807174106443e-07 5.738098854749329426e-07 4.358838429055350479e-07 5.145224063514681392e-07 5.251371801471456541e-07 5.842679584212965931e-07 5.294074226487644439e-07 4.534424630535137451e-07 8.012942154309682865e-07 6.318937974338956829e-07 1.791382304608825509e-07 4.305285203003962205e-07 3.006282402038670471e-07 1.250824384466226675e-07 2.522752227674745757e-08 -9.061712659527977727e-08 4.053860800719020860e-08 5.161968497084977786e-07 6.590206285305464280e-07 3.153667383122807421e-07 7.540358093221652608e-08 2.635245235413407839e-07 3.597919800751992974e-08 2.202697040018631926e-07 -3.134771210575058186e-07 8.402749064552914869e-08 1.288291419361511137e-07 -4.185586659429409643e-08 -2.076999973241276949e-07 1.855471756588598862e-08 -7.682141384226714229e-08 -1.520782889164439946e-07 1.629801444102779712e-07 -1.332329718649134554e-07 -1.084451606529149531e-07 -3.150388411948758363e-07 -3.411482587244848439e-07 -5.031695614570223648e-07
1.624939893369797893e-04 1.243881445375852313e-04 8.361947960251679929e-05 7.142807661111107197e-05 6.141096117022263321e-05 5.508735745587675024e-05 5.358945348756735400e-05 8.235356457911120688e-05 4.008495341257293468e-05 3.591457658233498625e-05 3.004618634706789321e-05 2.666702911588984842e-05 2.106489018341046473e-05 1.993166009415038686e-05 1.846946374899040359e-05 1.650617829495694804e-05 1.478640449293974853e-05 1.361344348042330655e-05 1.219226274296759356e-05 1.199334533755878471e-05 1.179633970884733245e-05 9.927215176770915603e-06 8.542390227647716738e-06 8.185673896742069896e-06 7.905375919027233107e-06 7.421351824172123392e-06 6.900029490350397244e-06 6.439949568067666266e-06 5.819197560251598172e-06 6.189317338397237464e-06 4.351870995281179920e-06 3.841046352464397409e-06 4.149753119743458119e-06 4.049363154404036089e-06 2.914143290814117132e-06 2.682596322332592938e-06 3.645943744619222137e-06 3.083041246576739094e-06 2.775067298136419817e-06 2.408155277828442644e-06 2.304139306435681304e-06 2.273203507152422113e-06 2.257054754402378281e-06 1.799410270374494088e-06 2.009627717115400463e-06 1.814184714686512114e-06 2.021499247102281304e-06 1.695733797671890900e-06 1.461779008064559798e-06 1.756247412204131607e-06 1.668278657404515783e-06 1.509629808759975368e-06 1.428779165200850678e-06 1.387460389282639058e-06 1.744025944110233752e-06 1.492384167553173661e-06 1.073235341633378979e-06 1.088477339187530658e-06 1.009977085723761975e-06 1.026487010475372395e-06 1.065520389197443972e-06 1.453025116889192901e-06 1.185077548274951944e-06 1.114752921182518561e-06 1.105446123366046725e-06 9.465051966482686860e-07 7.002372354304370018e-07 8.064567025621109532e-07 1.066744444180414586e-06 8.661478568545590617e-07 9.958245556322322596e-07 8.830153138491239737e-07 8.071615909848313178e-07 9.291630325266503355e-07 6.923426095105086686e-07 5.566022782990444520e-07 4.773519694314046981e-07 5.939949761557242926e-07 6.399160642771574833e-07 8.416774257655189234e-07 8.071870317453010546e-07 3.267942922831614550e-07 2.963496083349039473e-07 6.147956598030765451e-07 5.066845259225458663e-07 7.098689066108179494e-07 2.418131385195079321e-07 4.313870041064107224e-07 5.998605576990230800e-07 3.916728627343270262e-07 3.159174090116865770e-07 3.935120213744895782e-07 2.552172400114627103e-07 2.095884482209785024e-07 3.947624945030726834e-07 3.450746917134492625e-07 3.477257498935571210e-07 1.367541946042037392e-07 -3.297440421892460976e-08 -1.311978684441713246e-07
1.462986684129894820e-04 1.006505806195185764e-04 5.960194807962511604e-05 4.713240861916456878e-05 4.588902769302803355e-05 4.184172864440937749e-05 4.100565837750579762e-05 4.008495341257293468e-05 5.647577188601919678e-05 2.975216915952071347e-05 2.624803224799143414e-05 2.284412249353642905e-05 1.761842967084538801e-05 1.676817624080111362e-05 1.583560537213343062e-05 1.304194224889740045e-05 1.136067049152899677e-05 1.086446875612181400e-05 9.677563678963628784e-06 9.765424451228889898e-06 9.490989037597199939e-06 8.245395990285805786e-06 7.169677297376597900e-06 6.872939717304699621e-06 6.538402908398621233e-06 6.283909603354198991e-06 5.497598095609224284e-06 5.790944021824372514e-06 4.898040861551274709e-06 5.366945231114907309e-06 3.941660051067128128e-06 3.643370701924471712e-06 3.858588452301343651e-06 3.392954519407909295e-06 2.845868044824718556e-06 2.889735228946854445e-06 3.402379940835873180e-06 3.016213457781551399e-06 2.650589598923545689e-06 2.598906840962616570e-06 2.266479519511909185e-06 1.954197656938234926e-06 1.995620345974890036e-06 1.784521563266357345e-06 2.161594411969267354e-06 2.047884090871128922e-06 1.879888756066419739e-06 1.157508732842770730e-06 1.354451764917800487e-06 1.243384306890544246e-06 1.187449832367136460e-06 9.882067000640764274e-07 1.216146844447308551e-06 1.014362088240244473e-06 1.181803219561964206e-06 1.155375238110807524e-06 7.454443536696330647e-07 8.514065778852887099e-07 6.964968328811172015e-07 6.594372444738887711e-07 6.889601386152754362e-07 7.628055748278304172e-07 4.446405637657276515e-07 6.313764773918567230e-07 5.898757380242013559e-07 4.344624438652991683e-07 3.570767028039057547e-07 2.017275484051913589e-07 2.827593291183604400e-07 2.096170976879574579e-07 4.121701458417620870e-07 8.380137246865940879e-08 7.203153214637501165e-08 2.767457984856000087e-07 2.780378320637232852e-07 1.385340688328066286e-07 1.469083342593372967e-07 -2.736839174023855633e-08 6.440195388656855234e-08 3.074391932994433948e-07 3.176237201441610397e-07 5.158110969805410791e-08 -1.098418576677765517e-07 6.821905831406618051e-08 -3.033684372261657833e-09 1.374691187867644648e-07 -2.396043636351806361e-07 -1.052504039455286471e-08 -8.464097600330953207e-08 -2.295437528041580793e-07 -2.267597730804459193e-07 -8.918617470648861628e-09 -2.408777862933603249e-08 -1.012966614087026332e-07 4.060131569604991854e-08 -1.904492534119184798e-07 -1.560705222960652342e-07 -1.935332951001697471e-07 -2.694319595393547510e-07 -3.852994467114938498e-07
7.967092669795467516e-05 9.075245467034335481e-05 5.099330365019739134e-05 4.181762016306122740e-05 4.069976815483262051e-05 3.696049949170068468e-05 3.448242602206700214e-05 3.591457658233498625e-05 2.975216915952071347e-05 4.652788750239179199e-05 2.696513919155879181e-05 2.375650757984830092e-05 1.913948672492610771e-05 1.776671813952477791e-05 1.675417228950105831e-05 1.469501556634079592e-05 1.333557813460146660e-05 1.165998340074354764e-05 1.114933290255952566e-05 1.034218918311720235e-05 1.007799164673134888e-05 8.905884537988697366e-06 7.514958878060874730e-06 7.744112931084137162e-06 7.391231951320815450e-06 6.810901865359577104e-06 6.148728943879780676e-06 5.280277351524578281e-06 5.254436271975974237e-06 5.703593645629572950e-06 4.540933198813011391e-06 4.069736121876707294e-06 4.203414070667426246e-06 4.171042806516250508e-06 3.460101442481271478e-06 3.042795957731652615e-06 3.568941887095029312e-06 2.931590471735773763e-06 2.786119146748071642e-06 2.501442330099190012e-06 2.610948770111197587e-06 2.230275544282247755e-06 2.480195403197222663e-06 2.248037240521363495e-06 2.066492960921615377e-06 2.001942492185932022e-06 2.051957495661485805e-06 1.563053705809811147e-06 1.495040374623207673e-06 1.999929043991024007e-06 1.548076353611106883e-06 1.385004820954577533e-06 1.478910614559664635e-06 1.418464657993757969e-06 1.578407636472698341e-06 1.238567327975840239e-06 9.697388718934883444e-07 1.256896875836184128e-06 1.035237102527182474e-06 8.450570509898631540e-07 7.890376504186073638e-07 8.842504839970893853e-07 6.061333359367233764e-07 7.615080447671060642e-07 7.511728416823915052e-07 4.601134177947558367e-07 6.037318638742321300e-07 3.322844447783176463e-07 5.167590073645004332e-07 6.788760637353484376e-07 4.639524783881788524e-07 3.496109618912666593e-07 3.184398601871412422e-07 3.028446619434692340e-07 2.454183572978099077e-07 1.056752884474991237e-07 1.286774480587183541e-07 2.119968190073008889e-07 2.453976095621449258e-07 3.383615516236071841e-07 4.157291694146885184e-07 2.204271136649210278e-07 2.006129514701886297e-07 3.260835288026743135e-07 1.902025445569451661e-07 3.847422789155646833e-07 1.031349726739196170e-07 8.324942525706867582e-08 1.429787034606193033e-07 1.014128525602605085e-07 2.639035447858368472e-07 1.668244231199297386e-07 2.064266625877737025e-07 1.973644441656483726e-07 2.430587386787330415e-07 1.117124912658790851e-07 -3.294494912259491176e-08 1.171448125963096206e-07 -6.776541241838638942e-08 -2.325316342230195164e-07
9.790293785821604065e-05 8.395512242277521010e-05 4.610583565492641422e-05 4.209647902230631632e-05 3.673442642398219569e-05 3.272838380659787464e-05 3.035263854415419789e-05 3.004618634706789321e-05 2.624803224799143414e-05 2.696513919155879181e-05 3.829765917068110175e-05 2.221950983064692640e-05 1.934333470235244007e-05 1.678931038531302717e-05 1.618031429091812428e-05 1.384628505277460007e-05 1.280127318124869963e-05 1.116535755190493414e-05 9.940509405732005950e-06 9.455988493407089379e-06 9.830385206527427779e-06 8.573912114709157883e-06 7.423654077362359774e-06 7.297952699859319043e-06 6.611508940257510682e-06 6.356896277396354682e-06 5.708069086823999917e-06 5.289911806872749508e-06 4.642984009121341883e-06 5.104017384072008097e-06 3.901426480272626824e-06 3.516659927354107780e-06 3.521340944261398538e-06 3.256726437951375295e-06 2.724618453421252409e-06 2.940176616956009362e-06 3.072923643205893113e-06 2.656344637321855488e-06 2.493561799474574942e-06 2.288006943398366199e-06 2.375588759511452209e-06 1.922724327933973760e-06 1.923754359836145015e-06 1.833185991167175487e-06 1.933195750674405530e-06 1.878620549112131707e-06 1.826549409116261606e-06 1.536842226262714380e-06 1.510403730270152003e-06 1.661414351478881465e-06 1.428717902078079614e-06 1.332116964712880125e-06 1.585673877340334998e-06 1.366353563400635318e-06 1.497830119416071657e-06 1.392188673958222411e-06 1.091110566056754618e-06 1.326976669170496008e-06 1.129991275648694030e-06 9.235602680818426649e-07 1.025344056276767901e-06 1.178231320110015293e-06 9.275546075099281283e-07 1.099854506716053892e-06 1.051957116408232742e-06 7.596093773301534586e-07 6.857751331146256509e-07 6.003892466854244171e-07 7.071537379465268991e-07 6.156538105153625200e-07 5.675804420595504060e-07 6.082793957678867912e-07 4.833628077597101765e-07 5.076196921430730594e-07 4.310136197646989013e-07 1.882112885806532907e-07 3.415643342919259292e-07 3.103450567778841242e-07 2.423137650231873181e-07 4.558052807075060083e-07 5.316537126004443366e-07 2.457264321591240776e-07 8.346652160167316330e-08 3.135997648647368820e-07 1.860084508232943707e-07 3.550812345386246018e-07 -8.333942302438668919e-08 1.082418961088412363e-07 7.052312938784891580e-08 -2.983251333195280111e-08 1.130303159521490393e-07 8.242089134823993661e-08 8.081177188704312993e-08 7.611087293260632808e-08 7.739798516225861188e-08 1.068547058726552852e-07 -6.175829986190285107e-08 6.079171657830031787e-08 -5.880544619035416361e-08 -7.693437107187622651e-08
7.959650017803237589e-05 7.170032116358323053e-05 3.866930756271682977e-05 3.631462722294418789e-05 3.052510311071717245e-05 2.785963077610764506e-05 2.586421146590408489e-05 2.666702911588984842e-05 2.284412249353642905e-05 2.375650757984830092e-05 2.221950983064692640e-05 3.155323804837043851e-05 1.851966157817728153e-05 1.626858552025313280e-05 1.560700870699403028e-05 1.367323701406213709e-05 1.297395468927691716e-05 1.120837411360990833e-05 1.000720378126920204e-05 9.011844822972550541e-06 8.929946737855079194e-06 8.208068955213736442e-06 7.172413349066588826e-06 6.756408854637291020e-06 6.123497463681708755e-06 5.900927654106471466e-06 5.451988550173318855e-06 5.015302717925088389e-06 4.448479850903699682e-06 4.911656791946600382e-06 3.991144953031381416e-06 3.229708766475074102e-06 3.383908764016039774e-06 3.392648919542573338e-06 2.952000631802993298e-06 2.602311633913582852e-06 3.003829695005536396e-06 2.577531141376407978e-06 2.418098269557113211e-06 2.422674075935344801e-06 2.243024807435972779e-06 2.083702007713631007e-06 2.014886943926634708e-06 2.019779036872546316e-06 1.971791104759588056e-06 1.844941517059691946e-06 1.860309134588169615e-06 1.631370849024303690e-06 1.629661075673592553e-06 1.673419460904404195e-06 1.505534877970256566e-06 1.575169763944521863e-06 1.581103062557932641e-06 1.546841075416330651e-06 1.543720080698172129e-06 1.369859816681859756e-06 1.035480892231480987e-06 1.282853139031073385e-06 1.204278866494620281e-06 7.976324424175706667e-07 1.001925425369086878e-06 1.139326345537983237e-06 8.458709351787226220e-07 9.205363843837537510e-07 8.301946760615307691e-07 7.900783916844454276e-07 7.528008649531068586e-07 6.088430664826402690e-07 7.520343564000115909e-07 7.975716172209841762e-07 6.816316025344103819e-07 5.558573671412266307e-07 5.233823529963823002e-07 5.256070200027391417e-07 5.320974714472118940e-07 3.107033593989115478e-07 3.829412619783202829e-07 4.214313920361628039e-07 3.798442997307631921e-07 4.753545106419530688e-07 4.495419625080277143e-07 2.260300388230862921e-07 2.661372288982398238e-07 2.211965047170785513e-07 3.208217868795041178e-07 3.642101081724496859e-07 5.163365075608659480e-08 1.368628238783464509e-07 9.425819767899625755e-08 1.298749660286358536e-07 6.380229027412443657e-08 9.731657394805123148e-08 1.624783836204447985e-07 1.068393026157677187e-07 9.219846277289171447e-08 1.815394848489351490e-07 7.533831711539490607e-08 8.877044429546766019e-08 -9.075140138952516247e-08 -1.582514522783823848e-07
7.490695685890900568e-05 6.100405296429672002e-05 3.255354544493776987e-05 2.820461038527719323e-05 2.639436676228889287e-05 2.208017131081317985e-05 2.054002388898603116e-05 2.106489018341046473e-05 1.761842967084538801e-05 1.913948672492610771e-05 1.934333470235244007e-05 1.851966157817728153e-05 2.683129564564933403e-05 1.631008350624273424e-05 1.577044926498503643e-05 1.391571554295459456e-05 1.285184091979548021e-05 1.082952095121698497e-05 1.064748555229668453e-05 9.577559528522208666e-06 9.363528467363123277e-06 8.941903824376702862e-06 7.826643298213361560e-06 7.814709151002472237e-06 7.031023393964763482e-06 6.334955683863839543e-06 5.941409740149413812e-06 5.641689080080275755e-06 4.967145437968709889e-06 5.189379695665321891e-06 4.275248470958742213e-06 4.087718639543913960e-06 4.041081314530627099e-06 4.137891911865165170e-06 3.371472754569447424e-06 3.407881815856513588e-06 3.588492863442119518e-06 3.406499239294101072e-06 3.071102909026993228e-06 2.768246231302002942e-06 2.882100480934946868e-06 2.520778242790515653e-06 2.447779132701560750e-06 2.306047544313368433e-06 2.445070833363275987e-06 2.336750301055055702e-06 2.211856607326697837e-06 1.933679252879319647e-06 1.942810949159086412e-06 2.045720067411495179e-06 1.932969682992607300e-06 1.853754432316465931e-06 1.857527719739240456e-06 1.514412138333475011e-06 1.708589510997700095e-06 1.606950033106632700e-06 1.253142475680205932e-06 1.646247598418921409e-06 1.439129672848064817e-06 1.310140298485979039e-06 1.158502657330524122e-06 1.303699436960101443e-06 1.133774316850404621e-06 1.252500998506781817e-06 1.054791510325989480e-06 9.449551630626536929e-07 7.723537184344245025e-07 6.589222788623677162e-07 8.126354944143782214e-07 7.207435741108877582e-07 6.912736908035815471e-07 5.671577806721627817e-07 3.966556415462036603e-07 3.943815546241787781e-07 4.779775268008255213e-07 3.408314079720144955e-07 4.588845704501338466e-07 2.975998951913743965e-07 2.317356512139128596e-07 3.115595138517111620e-07 3.848534911440649712e-07 2.057046413438397597e-07 1.949055828288637506e-07 2.334884152626490112e-07 1.250896262582433888e-07 2.296639713687424115e-07 2.076890053361523897e-08 9.168426216832416052e-08 5.225946464403424275e-08 5.100733886398311211e-08 9.174575730095669411e-08 -2.664895825297764840e-09 1.606905669881937474e-07 1.116982714582272774e-07 7.470831889664894618e-08 1.191071511497333634e-07 1.094564819732463112e-08 4.234332139557969629e-08 -1.021430689782949816e-07 -1.209635125523163834e-07
4.980541495185875057e-05 5.360549934743112004e-05 2.789097697800476159e-05 2.386826620636422274e-05 2.449116832105358753e-05 2.205488486189260288e-05 1.936676734940070657e-05 1.993166009415038686e-05 1.676817624080111362e-05 1.776671813952477791e-05 1.678931038531302717e-05 1.626858552025313280e-05 1.631008350624273424e-05 2.323317497854475170e-05 1.534475168086225929e-05 1.352692331762205318e-05 1.257101325535527263e-05 1.068931954687457915e-05 1.000080098220529495e-05 9.168008112396399485e-06 8.695404180013855048e-06 8.339760678338295694e-06 6.821986740019481589e-06 6.694285679503979357e-06 6.330312366101756977e-06 5.630999239772903433e-06 5.424068879045746298e-06 4.942539862964716821e-06 4.322719580422290403e-06 4.672311214442089739e-06 3.676901740572226516e-06 3.491727510473448656e-06 3.420607308179792224e-06 3.336155520755187403e-06 2.638241392778473054e-06 2.848566476573139839e-06 3.068762707836653072e-06 2.624182384030806856e-06 2.419881612022035680e-06 2.503016134054459859e-06 2.203865577028171625e-06 2.256166782123348418e-06 2.189455690384750689e-06 2.165439085256201483e-06 2.099894932666374203e-06 1.983922630224285753e-06 2.039093331738007250e-06 1.676117448295073784e-06 1.613399004125312246e-06 1.663707765806374895e-06 1.678385328815191949e-06 1.546447483747967688e-06 1.560053403052013705e-06 1.363563338949144411e-06 1.435352264453147915e-06 1.334126144285507104e-06 8.338788395803888518e-07 1.272512669773449499e-06 9.956720827978656526e-07 9.202503707909936351e-07 7.988423097518950900e-07 1.000695213457029021e-06 7.204890176600723371e-07 7.463071685566818198e-07 7.084964402815962901e-07 6.517365996172377088e-07 4.583874262230137137e-07 4.862935812443219045e-07 4.577728814885065828e-07 5.118481325174509659e-07 4.549804280999897306e-07 3.901887712466851811e-07 2.778824263150519028e-07 3.611637502348065165e-07 4.025847574875977918e-07 2.634483301463756283e-07 2.428808479642572948e-07 2.563092209978344842e-07 2.869969641517150498e-07 3.511479362524597531e-07 3.597094114425265040e-07 2.997378749798568983e-07 2.205250163738770370e-07 2.918091986388003986e-07 2.812061365346273710e-07 3.590197594178522790e-07 9.664952714570918838e-08 1.376271802573776942e-07 2.326638086018660003e-07 8.133081426501822834e-08 1.045768306670820444e-07 8.654581304012761296e-08 1.801241670104230075e-07 7.380854320710227465e-08 3.780266137024676900e-08 1.061556197754782463e-07 3.738290714072113521e-08 4.260129128617691264e-08 -5.833115602940969673e-08 -7.821354191800000533e-08
6.946600526041104597e-05 5.137460258278273007e-05 2.740631366801418495e-05 2.528342439478362344e-05 2.254048875081997498e-05 2.027906460606901634e-05 1.906200351621280118e-05 1.846946374899040359e-05 1.583560537213343062e-05 1.675417228950105831e-05 1.618031429091812428e-05 1.560700870699403028e-05 1.577044926498503643e-05 1.534475168086225929e-05 2.229221340010673473e-05 1.405162261852040005e-05 1.308415999720103868e-05 1.165756205791345970e-05 1.066173046560169727e-05 9.560963527476319622e-06 9.593488904921444911e-06 8.744155389904461701e-06 7.358759225437326882e-06 7.286033588742626469e-06 6.933904014998914597e-06 6.323712005804903585e-06 5.777706654985915399e-06 5.316722648658559066e-06 4.606475169347078412e-06 4.861884004744280210e-06 4.280092287228905126e-06 3.592332163695190213e-06 3.719783203977302061e-06 3.857527047253985670e-06 3.186431801683575230e-06 3.126606575718194663e-06 3.067552572954789913e-06 2.927337248925763312e-06 2.713216329613240806e-06 2.412684185159164601e-06 2.493663011322748478e-06 2.294648420723686642e-06 2.252777475194947577e-06 2.099430713179253022e-06 2.123969081967812098e-06 2.047756767260239107e-06 2.071336190501009997e-06 1.728870973064022911e-06 1.853485235155383783e-06 1.741551208805265556e-06 1.752593750482368690e-06 1.740728711389940279e-06 1.826578518009104346e-06 1.398213817575126531e-06 1.640152136396962836e-06 1.400217577367559650e-06 1.211968895057628662e-06 1.479028473008938523e-06 1.214618004090693795e-06 1.061651540772994547e-06 1.009252547898684529e-06 1.240165717037702755e-06 9.844440534581618989e-07 1.071176890964162392e-06 9.896589119961115428e-07 9.286600731438665400e-07 7.353557310474621288e-07 7.173718698737306062e-07 7.374142240421619716e-07 6.944392735759691955e-07 6.802373661790018673e-07 5.816157350222111923e-07 4.722655498528172098e-07 4.180923613433937695e-07 5.291258219773201756e-07 3.492792225310552985e-07 5.131421634443979127e-07 4.268259721084504632e-07 3.767610639930959289e-07 3.731960164951513542e-07 4.874822537978157688e-07 2.620571308675448795e-07 3.045716974771431306e-07 3.332469083536819985e-07 3.107191015990072878e-07 3.427736431179853614e-07 1.713473869064596965e-07 1.708466061609762505e-07 2.638527210985662535e-07 1.123177750268439081e-07 2.201619978674796596e-07 6.631053362716798709e-08 1.645015243923976148e-07 4.988806107331679562e-08 1.108344092459207694e-07 1.162645212157485283e-07 2.413572632654162418e-08 2.570644924938586187e-08 -6.408059758578230778e-08 -3.266400688042153925e-08
