1.822999626607956294e-02 1.022407745648368053e-03 7.075861531502413608e-04 4.322898915366420181e-04 3.127139392910881048e-04 2.550867949100910016e-04 2.219035138936391695e-04 2.020275444377995805e-04 1.398331366633408148e-04 1.101299514158432600e-04 1.031397493510350565e-04 8.159652567052744806e-05 8.940688898643801591e-05 6.301655339521903458e-05 8.378993217398195961e-05 8.359060399237844144e-05 7.091713070084437905e-05 6.806383153969258726e-05 5.536689591793117000e-05 7.472419076149782336e-05 6.010929703583858986e-05 6.233959982691987805e-05 5.558370678584647625e-05 5.474214810316184709e-05 5.091237108850535251e-05 4.664775315309210700e-05 4.970823820062916256e-05 4.141434183682885623e-05 4.859860446464500894e-05 2.903070351889470565e-05 2.693249881524335479e-05 2.193791267954100968e-05 2.616166483415746923e-05 2.817991471140950726e-05 1.555961716189379251e-05 1.979802405797736372e-05 1.137676399377193522e-05 2.328005382135036520e-05 1.545003817651294863e-05 1.189086582358986798e-05 1.405462759937758604e-05 1.987932187208935956e-05 1.736405916099400374e-05 1.436186735906202690e-05 2.661972469905772210e-05 2.685124946430396493e-05 2.718699094032732622e-05 1.921121512954970586e-05 1.833983328006137830e-05 1.829321020882918025e-05 2.439038640684268206e-05 1.845596747676287616e-05 1.798242411325973471e-05 1.749400349421596619e-05 1.978312872226302253e-05 2.149525288966913267e-05 1.279894924085024688e-05 1.610199844608925846e-05 1.345682262715442732e-05 4.912527042297597006e-06 1.006786161541821403e-05 1.250177005699630567e-05 8.613445703259839072e-06 2.700604133615468631e-06 9.226031518404530690e-06 6.491670413118042687e-06 8.340087586090127333e-06 9.119082323476842284e-06 1.460900878708956444e-05 8.099596432185183532e-06 9.417650479214149508e-06 1.111944169474308554e-05 1.116493017699595470e-05 1.060953757907323602e-05 5.098660848174576299e-06 3.126349708239843665e-06 1.170791553033440561e-05 6.305864926418570737e-06 3.314492197004417440e-06 6.156837148141649046e-06 7.202698841957897715e-06 4.609741852669937712e-06 4.405478455991705209e-06 2.935909092514161782e-06 4.262276298722097320e-06 2.344313600145742119e-06 3.676211105945786824e-06 6.361284768655022643e-06 6.182583179585658030e-06 6.721287366954940328e-06 4.959186805702545415e-06 1.943630536824019624e-06 7.473537897008168190e-06 6.320827204119373740e-06 2.932557738894710628e-06 1.811957450133015931e-06 6.272451580693656233e-06 3.833824365625977478e-06 3.203251654389169352e-06 1.516118852394542829e-06
1.022407745648368053e-03 3.799965644176020018e-03 5.550097261639815645e-04 4.168496290359285494e-04 2.918046438459560962e-04 2.079787777917854253e-04 1.797779466333671223e-04 1.587184038761060010e-04 1.260264116894739366e-04 1.032717612856196075e-04 9.513071360853777257e-05 7.662857292224621044e-05 7.279519729585319488e-05 6.660593101026152313e-05 5.985816260862680149e-05 5.592932536928317159e-05 5.187664466590305353e-05 4.601136382288717881e-05 3.973938506983917433e-05 3.364054320754339595e-05 3.758266086863406864e-05 3.642041341215184277e-05 3.168327758087260228e-05 3.634568179242289137e-05 2.647940398800039617e-05 2.892720935307189207e-05 2.870751836655384173e-05 2.325330922295968958e-05 2.728782478364902679e-05 2.307975949025448416e-05 2.163886722473412446e-05 2.128931574420960589e-05 1.947976823968010384e-05 1.853692328500527702e-05 2.219893793968353511e-05 1.058434183890267282e-05 1.467729890566791408e-05 1.350732491285087084e-05 1.314925064983596864e-05 1.301414050560248640e-05 1.222746468901076955e-05 1.146332977225263012e-05 7.830088854513058249e-06 8.433563246853431332e-06 7.217922024606303027e-06 7.244329683541526408e-06 8.462026441305267423e-06 9.542414279298879094e-06 1.043076012074634816e-05 1.112919525265734948e-05 8.953148952852001220e-06 7.919561227248729122e-06 8.791885171754136455e-06 9.187210077677283228e-06 9.696730588549301976e-06 9.411670146591927743e-06 6.164504522436339821e-06 8.492215627651934814e-06 8.176510418396538342e-06 6.607690495088871755e-06 7.309160962614402859e-06 8.152822923418489689e-06 6.072163040401149551e-06 8.490248151591370780e-06 6.439231995816938105e-06 6.258522555796062804e-06 7.004471347703966492e-06 5.322181532961174000e-06 6.532682747030845057e-06 5.767911708997156818e-06 7.342537506757065239e-06 7.598216375326726177e-06 6.003164341013093965e-06 4.488990948833689123e-06 3.872075013227209437e-06 3.452972051787967392e-06 6.396616739544666468e-06 5.807769425919819392e-06 4.557844948266906650e-06 4.675727085665967659e-06 4.846502968602311431e-06 4.084977919932996531e-06 2.708951723033484189e-06 4.324182320420735940e-06 4.203082495069487372e-06 5.066996573813284719e-06 3.315955509835229506e-06 4.280737937780126049e-06 4.913512559072086714e-06 1.313207927077878792e-06 1.613399026383564201e-06 3.525996309393350930e-06 4.516066392715706319e-06 3.595445989783403601e-06 3.192925696950506488e-06 7.534152130810444089e-07 1.441160037635652114e-06 2.347707568468469269e-06 1.927268753316613506e-06 -3.423088114389427708e-07
7.075861531502413608e-04 5.550097261639815645e-04 9.430765383684989187e-04 2.153310513521838735e-04 1.788533131912061543e-04 1.209846279354429607e-04 1.075266409779966322e-04 9.590413479316695273e-05 7.103387978841645828e-05 5.425695594790760798e-05 4.365957643314469602e-05 3.804395791895033319e-05 3.277218443984577872e-05 3.083960345896936647e-05 3.178422630294463108e-05 2.529571231802641294e-05 2.546689636453431432e-05 1.997456312656748032e-05 1.641720747047438960e-05 1.707302440524193057e-05 1.852686861318695032e-05 1.814563584587366098e-05 1.217264354195318101e-05 1.805885372970726508e-05 1.425413067604175738e-05 1.534042535192996326e-05 1.305482920703476445e-05 1.206693778915172076e-05 1.221635417222306341e-05 1.200896247277782692e-05 1.175390187085750443e-05 9.146704545063261393e-06 7.329555656201935368e-06 8.890368686410602349e-06 8.164406074282555721e-06 5.882830301615903428e-06 7.205945516132239051e-06 5.508870539264745083e-06 6.212308163681179528e-06 4.664175956552789565e-06 5.295177505801570744e-06 3.907221606225585486e-06 2.649017739108449060e-06 3.418289326182161194e-06 3.129640325283362722e-06 4.373508006757851559e-06 2.212794266445328810e-06 3.026075414470584920e-06 2.991517369897369443e-06 3.496800373996420020e-06 2.560153247403930939e-06 1.280513219649919116e-06 2.085885024018484907e-06 1.063961969251076767e-06 3.249652592372287462e-06 1.058781373194556069e-06 7.914558007389343170e-07 1.199184572007695543e-06 7.072360908393580112e-07 1.791053206634034876e-08 1.738014344666366926e-07 3.349732101621901189e-07 -6.107192024201633042e-07 -5.953185614444129164e-07 -6.594092460441791915e-08 -8.662601290102885592e-07 -5.280539705684294860e-07 -1.995896393773317963e-06 -1.149811434403709413e-06 -6.585262410090397780e-07 -2.524865831662320678e-07 4.444747947738467415e-07 -5.016612950180630763e-07 6.572609329437462062e-07 -1.945407605199030715e-06 -1.260463492992580750e-07 -9.229111899877909192e-08 4.204824942359758201e-07 2.190577833514140733e-07 2.218234743693974601e-07 6.131428508528501695e-07 2.124118167519659702e-07 -1.668960294948309968e-07 3.221759693123081739e-07 7.523610449556192065e-07 2.325845758590938309e-07 1.204854396519828835e-06 4.275784968626105895e-07 2.936835485263408995e-07 -6.297112219637124909e-09 2.930906020571107193e-07 2.276427191021998013e-07 -8.681913887550447322e-09 -6.755390982526306302e-07 -8.634757452183047133e-07 -1.194012781637736412e-06 -1.362076849059862395e-06 -1.993139870752970333e-07 -1.061199420929482407e-06 -1.467210061922311177e-06
4.322898915366420181e-04 4.168496290359285494e-04 2.153310513521838735e-04 4.148731922603103844e-04 1.316503653902028508e-04 1.054807213075631574e-04 8.404493949935585889e-05 7.948504847153513742e-05 5.249776758024011396e-05 4.511889154698277564e-05 4.332544449979411881e-05 3.770395879308949337e-05 3.326272309896480755e-05 2.727993159879211129e-05 2.817090387231681954e-05 2.278814840543343578e-05 2.139984737473127888e-05 1.658672350856455263e-05 1.876828796349714397e-05 1.519244011977601004e-05 1.632571406319982196e-05 1.368424140333243136e-05 1.297081738447957050e-05 1.283880894618208737e-05 1.008626643858983384e-05 1.079376564756409546e-05 9.115468523737642526e-06 9.598257346763885793e-06 9.401878909392570309e-06 7.903471961195479160e-06 6.179710098746192289e-06 6.375518683884397579e-06 6.117522991604649758e-06 5.417508938511396389e-06 4.857703620895124187e-06 5.131812222095286349e-06 5.044838089110087137e-06 3.956559338421165151e-06 3.990620022986892866e-06 3.400775455980921453e-06 2.676490326415053739e-06 3.628811371556722302e-06 1.546069115572770871e-06 2.206770941899000674e-06 2.259053990272224812e-06 2.542312417025400227e-06 2.790268439776310103e-06 3.024920694445183934e-06 3.656520033000241182e-06 3.354024086551268430e-06 3.265066880815647000e-06 3.604878834470465898e-06 3.008617200571332628e-06 2.782250799892329260e-06 3.328416053528730537e-06 2.697746288223828676e-06 2.401907566496899971e-06 2.787701062379618828e-06 2.360654237257183790e-06 2.214257815061275308e-06 2.665251712094049757e-06 2.911866340759871456e-06 2.423171680201954802e-06 2.639614310619469632e-06 2.043217500478605523e-06 1.976587794635242349e-06 1.667541295829350606e-06 1.512628836953795017e-06 2.039632263771716217e-06 1.176035473807939496e-06 1.756247608969905583e-06 1.212010248275868372e-06 1.328839380649672160e-06 1.165996378497230921e-06 2.908615470272433311e-07 5.515831955399335976e-07 1.262186293672939408e-06 5.216919297198828903e-07 -3.522089037293216187e-07 7.809375862277151547e-07 5.329270773236715977e-07 1.416048682033722937e-07 2.898929910486816910e-07 6.915202679142268037e-07 4.494945424013014419e-07 8.937275414733186989e-07 3.179805637148840383e-08 4.961632571245934907e-07 3.359107745963420025e-07 -2.978067111106600883e-08 1.867760169955751394e-07 2.619048090099185014e-07 1.127329181337566549e-07 -2.132125499175719618e-08 1.004126153690499194e-07 -4.122950103141592363e-07 -1.771540309595041283e-08 -4.853094054369769239e-09 4.446491174242242500e-07 -6.297603031728285593e-08
3.127139392910881048e-04 2.918046438459560962e-04 1.788533131912061543e-04 1.316503653902028508e-04 2.194068253886550266e-04 8.411686749070916872e-05 7.581692470584673236e-05 6.508210365006853360e-05 4.930375183396059268e-05 4.192714372177572561e-05 3.733081564845190659e-05 3.118648548302313615e-05 2.810121860792463708e-05 2.736082439200828082e-05 2.558606367431027226e-05 2.072722541574023217e-05 1.866383441556855217e-05 1.772662757461131988e-05 1.455459026060844514e-05 1.547415341377866754e-05 1.506359604822025920e-05 1.334237488321927056e-05 1.061574164503642415e-05 1.072737018402063821e-05 1.039022524736356248e-05 9.794571763419063998e-06 8.670206309904232583e-06 7.782059225438078874e-06 7.237782410085398613e-06 7.349711165821504927e-06 5.672915482543827737e-06 5.585296753977661620e-06 5.000452981170502048e-06 4.381988016017215391e-06 4.344848820667047717e-06 3.749973139990876677e-06 3.989327634339127583e-06 4.406086334407644584e-06 3.408406179752974936e-06 2.530713159597481535e-06 3.107029153157298512e-06 2.064974031419843797e-06 1.977867622831483346e-06 2.117419090237083515e-06 2.235428659287463189e-06 2.318778695911723440e-06 2.707122762172978604e-06 2.170762589160131326e-06 2.380465573722199629e-06 2.733166014837265918e-06 1.679849837230406132e-06 2.092966762029963407e-06 1.426839839336008688e-06 1.550500327872674159e-06 1.792946579750081241e-06 1.079691241264933381e-06 5.038557993986386073e-07 1.320340071861865205e-06 1.198867928977945478e-06 3.601772383001400099e-07 1.008825001378279553e-06 1.351314676951037122e-06 1.077705439855754851e-06 1.154638224659636951e-06 1.159767669911258403e-06 1.228978283886191812e-06 9.627945447840755559e-07 6.071410703365092354e-07 1.057066196137683082e-06 1.051628670070525280e-06 1.122814093349302893e-06 9.811905945173567103e-07 5.387694883284927129e-07 8.020836316114485561e-07 -8.276544969517211706e-08 3.311810331557789080e-07 4.305179487157173111e-07 1.723294586897495710e-08 3.899075538002481342e-07 4.423626135709250891e-07 4.765537470519754792e-07 -1.140938495152083698e-07 -3.691222206837495776e-07 7.102401123947838406e-08 3.146161331661706546e-07 2.366293903641425141e-07 8.767672067504109574e-08 5.437231082030343127e-08 1.460800745170274011e-07 -1.340813984063094584e-07 -1.817787098130570587e-07 -2.871977886208107035e-08 -3.544283145455857433e-08 -1.618618815014871424e-07 -3.300713380425209215e-07 -4.362691330077963624e-07 -2.664179466369750627e-07 1.659916036538265957e-07 -1.247111130171273739e-07 -1.958197650039697361e-07
2.550867949100910016e-04 2.079787777917854253e-04 1.209846279354429607e-04 1.054807213075631574e-04 8.411686749070916872e-05 1.488178836461619202e-04 6.828309397805871648e-05 5.968429021031511605e-05 4.603859987690588898e-05 3.950601093192527083e-05 3.418369248619431723e-05 2.878597139598631637e-05 2.419097163077048396e-05 2.396770437888314840e-05 2.307050675108527848e-05 1.900594857026561790e-05 1.776220855746296997e-05 1.523138784333078207e-05 1.511092732420195049e-05 1.537480139512288567e-05 1.363339630317687279e-05 1.271967481042162532e-05 1.071194570171707052e-05 1.131782149701040816e-05 9.357328168940347892e-06 9.220311156746620440e-06 7.841099916074342700e-06 7.806847672920549136e-06 7.383828854869492227e-06 6.901775270269043081e-06 6.114478754096702658e-06 5.762489540713105238e-06 5.344296129614452581e-06 4.674842089010565265e-06 4.314573524023210655e-06 2.763360065644207904e-06 3.582870606127308551e-06 3.344879064978900113e-06 3.015944953736601993e-06 2.179871306337029298e-06 1.937376708105328200e-06 1.931143045692428895e-06 1.874072395172139228e-06 1.821548075595186819e-06 1.694327484355892524e-06 1.897940832933552242e-06 2.223531567282558570e-06 1.477004593325874793e-06 2.167375118544547683e-06 2.159473644747345571e-06 1.482917707925980429e-06 1.925742311140595084e-06 1.794789706485181622e-06 1.647115180563427133e-06 2.408436745390922523e-06 2.053028282012268395e-06 9.509483922225595667e-07 1.164522296044866295e-06 7.262259959686351040e-07 3.597052521124571943e-07 5.146044388823544536e-07 1.024711260395014755e-06 5.374435353587871543e-07 9.658331517234184499e-07 8.141485396945186981e-07 9.273262361898984182e-07 5.440206254720535404e-07 7.163723289270896602e-07 6.443279758589462138e-07 5.050960045589090256e-07 7.789601550113744496e-07 3.627506291090021763e-07 5.064724692978009201e-07 6.011968285822193110e-07 3.626806543560756632e-07 3.342920467926774349e-07 6.631952811551770619e-07 2.676172453386585644e-07 2.339211241905503256e-07 5.051539371497898702e-07 5.369234542741337981e-07 3.568877182112598063e-07 1.530851448951829490e-07 3.514164509771062312e-07 3.817971833569967954e-07 4.702687818890526770e-07 5.099514431343990655e-07 4.372424737153101527e-07 3.578075782555931461e-07 3.777531100292370989e-07 3.025409337629534435e-07 6.250022075896403441e-08 1.586663478547998035e-07 2.509087643711215876e-07 -1.090585984187561699e-07 1.307994455084259200e-07 -8.116767268630736418e-08 -2.595103854431203160e-08 4.030164897842316887e-07 -5.840509324131804794e-09
2.219035138936391695e-04 1.797779466333671223e-04 1.075266409779966322e-04 8.404493949935585889e-05 7.581692470584673236e-05 6.828309397805871648e-05 1.085514027954822148e-04 5.998595947230204686e-05 4.303143447221556469e-05 3.845522181861460036e-05 3.173721752580264580e-05 2.766399865713758553e-05 2.424617842052866472e-05 2.113881634240381802e-05 2.116200469071654992e-05 1.660892378849952055e-05 1.662275249930786182e-05 1.369155550430416008e-05 1.286648492742624438e-05 1.337593428234737051e-05 1.265930095647926283e-05 1.027325767837238318e-05 9.329518888681352569e-06 9.557285326246602934e-06 7.636864955988341471e-06 8.037221181347603227e-06 6.682870025127445428e-06 6.355077537063472076e-06 6.775551046693714540e-06 5.906521945627302854e-06 4.907314851353455191e-06 4.619603449457845777e-06 3.957675315026713466e-06 3.407567964850407989e-06 3.190436686471786627e-06 2.074982827030674134e-06 1.893148116065166668e-06 2.310891649135415437e-06 2.106630364091258385e-06 1.918712974921932043e-06 1.700669513619975947e-06 1.158634399791413550e-06 1.667612861194567588e-06 1.698072896339782642e-06 1.890581234153394975e-06 1.647632407146899482e-06 2.183384597787654303e-06 1.055701032940919186e-06 1.288029716426322272e-06 1.477667346738395867e-06 1.244907034983148425e-06 1.486988968365738574e-06 1.443007774134697112e-06 1.293204244723641531e-06 1.737101179611869072e-06 1.424975983890389102e-06 6.001264543164615832e-07 7.067585395822323471e-07 6.117464415547931494e-07 3.619548492006180553e-07 2.946018034299575570e-07 8.503416876054949988e-07 3.584519433295309064e-07 2.567712593082995085e-07 3.392891769542128880e-07 5.097914332443092078e-07 2.010213789614399721e-07 4.736824989362353627e-07 2.799222132674996373e-07 3.097762193669505093e-07 3.868235859327155181e-07 2.124177487552028785e-07 1.831576318685115483e-07 1.606474812628249998e-07 -1.343250713914104305e-07 -6.396986667555088890e-08 1.067227594942618778e-07 -4.222338222910182699e-07 -3.723158334296571580e-07 -8.713999517498147559e-08 2.657364395146526087e-07 -2.236868230254058033e-07 -2.520209177429623970e-07 -1.979428015466882334e-08 -3.121014784206993977e-08 -1.145579121259417134e-07 -3.370964253763210911e-07 -1.198837452641843003e-07 -1.211483947314052146e-07 -2.769293955776519933e-08 -9.549817366017274575e-08 3.687894433157374471e-08 2.886672403600193539e-08 -1.746158189229533721e-08 -3.309455872679388501e-08 -2.844031990303790976e-08 1.017136180107976525e-08 -6.147041082520171746e-08 7.495686827451828119e-08 -3.126244820304387201e-07
2.020275444377995805e-04 1.587184038761060010e-04 9.590413479316695273e-05 7.948504847153513742e-05 6.508210365006853360e-05 5.968429021031511605e-05 5.998595947230204686e-05 8.629656196155313977e-05 4.420788347839191057e-05 3.928461101177401887e-05 3.356266369967163894e-05 2.918727489550477334e-05 2.518741437187217729e-05 2.213773730199936285e-05 2.160953675685829963e-05 1.828594744395655003e-05 1.697018748846970104e-05 1.492250052642833044e-05 1.442572805385217086e-05 1.373414476917631289e-05 1.348565029885063901e-05 1.092376575429201587e-05 9.865544293417186046e-06 9.313287258390074333e-06 8.837636427529991896e-06 8.635847813023195239e-06 7.201842001594484588e-06 7.127881740330443875e-06 7.167280432920125253e-06 5.797892003763121528e-06 5.305833423630345714e-06 4.452051307830086129e-06 4.908120543973485805e-06 4.352736287599370548e-06 3.645472468561281457e-06 3.016941208966883294e-06 3.742366719906313001e-06 3.214035572731159612e-06 2.928340188110095724e-06 2.527085563828269213e-06 2.860447268034034747e-06 2.563095391880707144e-06 2.318310456652057528e-06 2.238506601679305975e-06 2.249383042407737639e-06 2.091611145812919646e-06 2.446493561340124848e-06 1.777402318732829042e-06 1.618287393331768340e-06 1.923017485662719696e-06 1.376569294893919269e-06 2.084794353441848050e-06 1.654693325031243280e-06 1.586161144536839348e-06 1.942141102865291827e-06 1.453544810719225055e-06 1.228695676378271331e-06 1.137824755922029718e-06 1.011784959850734442e-06 8.373143756286004744e-07 8.870123826343510853e-07 1.311973768376795855e-06 1.029207776990850534e-06 9.401203631324715823e-07 8.396536259702303941e-07 1.015299641093257177e-06 4.886017026205655607e-07 6.072173335255448419e-07 8.563441139136881880e-07 7.609806785976549067e-07 7.697783130649209691e-07 7.214977844226463627e-07 7.341910633072625548e-07 9.111356127094078370e-07 4.162981049558435871e-07 7.524114029648689440e-07 7.954304772370958042e-07 5.430699017806581915e-07 3.619702331007376842e-07 6.434668748768142752e-07 5.710050279809713444e-07 2.978390036782411006e-07 2.514261705167728412e-07 6.196373934446200625e-07 5.744192117953820175e-07 5.108293624933737597e-07 2.726737129038487786e-07 3.900548852461041663e-07 4.954554041918428726e-07 3.332052072791664237e-07 2.079522394871436844e-07 3.404452279809263090e-07 9.758838107503402231e-08 9.552038343035055782e-08 6.123499302424009093e-08 1.995844641687771758e-07 2.137492879121642215e-07 -6.357126717276267596e-08 8.375083014835506659e-08 -2.383048734449171362e-07
1.398331366633408148e-04 1.260264116894739366e-04 7.103387978841645828e-05 5.249776758024011396e-05 4.930375183396059268e-05 4.603859987690588898e-05 4.303143447221556469e-05 4.420788347839191057e-05 6.133470200780735974e-05 3.376298624722458730e-05 3.047129275585870256e-05 2.479048598437416754e-05 2.089084145419631066e-05 1.911351869730336866e-05 1.855952437570208691e-05 1.503325587145424792e-05 1.460691822953003999e-05 1.261849850553976873e-05 1.158530063677755257e-05 1.128739214658501751e-05 1.070155581876217188e-05 9.266867263619288334e-06 8.803389561970105141e-06 8.954895424160273814e-06 7.735497952027787840e-06 7.556598959999582659e-06 6.688655987496989509e-06 6.854333646050153706e-06 6.626588072843748301e-06 5.775665404967778235e-06 4.953865390836914439e-06 4.627920256462445241e-06 4.418432574010043819e-06 3.967999131742993882e-06 3.440714295703831671e-06 3.238709831789551376e-06 3.469468078938463821e-06 3.089399394860039709e-06 3.070833599839467575e-06 2.561469604819692649e-06 2.498360096940196159e-06 2.367555616262017292e-06 1.917927742813333673e-06 1.828937515241702972e-06 2.174679184948299965e-06 2.357084550025574805e-06 2.225844670664326225e-06 1.645125342065458871e-06 1.652879216639212649e-06 1.775106189177324929e-06 1.278307808800704115e-06 1.387752910699484404e-06 1.363065646501807753e-06 1.237363942701074628e-06 1.322800411250868893e-06 1.303778777219342043e-06 8.792171123424594573e-07 8.719993371697825696e-07 8.143987844015749549e-07 6.641789710895827159e-07 6.998226776646658526e-07 9.149560206995069630e-07 6.182742868812936034e-07 7.213905910534972803e-07 7.107711965163399046e-07 4.962661899961642967e-07 3.054089139910413670e-07 2.601252638986784612e-07 2.744433664499893721e-07 2.712434695305179334e-07 4.637887533609785244e-07 3.313342478479778557e-07 3.140909465994145309e-07 3.682253079122072939e-07 2.478183083693662478e-07 3.083537551563132543e-07 5.297043929039632316e-07 1.892438895233394038e-07 2.416892414811039030e-07 3.107308402529211861e-07 3.965958733942315824e-07 1.669644092511851986e-07 -5.028964736917355848e-08 1.994878984508134536e-07 8.896590162543398976e-08 2.039239458851522944e-07 -9.958476480697080901e-08 1.904814411044651773e-08 -1.383684591731776159e-07 -2.846729850320727927e-07 -3.351640973760860470e-07 -1.588046889336933428e-07 -3.421969142558263527e-07 -2.381090935171575257e-07 -2.253490919276198481e-07 -2.386141907516502043e-07 -3.862894954217667893e-07 -3.746971111684730954e-07 -3.017293750164510725e-07 -4.939630923595486550e-07
1.101299514158432600e-04 1.032717612856196075e-04 5.425695594790760798e-05 4.511889154698277564e-05 4.192714372177572561e-05 3.950601093192527083e-05 3.845522181861460036e-05 3.928461101177401887e-05 3.376298624722458730e-05 5.163800977221410745e-05 3.014412126087724617e-05 2.566611289344809384e-05 2.238488685354144488e-05 1.954438604257916428e-05 1.906954472541969175e-05 1.556787569685594245e-05 1.481808171183659315e-05 1.319840459839085030e-05 1.182831275848432392e-05 1.133535004174632863e-05 1.107223361484256720e-05 9.920074688318770455e-06 9.136559300118482193e-06 8.665709141732976480e-06 7.751886878829308250e-06 7.704559844184055516e-06 6.859589490992090019e-06 6.099466863735313086e-06 5.986161059439429522e-06 5.674306291844915456e-06 5.088097605468746479e-06 4.623597375705273920e-06 4.369118851064773567e-06 4.173874304451271130e-06 3.628126174815583793e-06 3.020019474252888897e-06 3.509612933188977329e-06 2.987480182122201535e-06 2.797367144211669647e-06 2.185187235959420478e-06 2.539552804762353058e-06 2.368069040917278409e-06 2.199837967435536580e-06 2.084640598763640869e-06 1.819784223436804912e-06 1.965311596081124772e-06 2.045580351136174450e-06 1.540026482573326536e-06 1.546971874307755879e-06 1.850003364012156613e-06 1.327959847179792023e-06 1.541219069932747590e-06 1.487295758520789527e-06 1.401892498288952132e-06 1.733518872996486893e-06 1.329516048478903661e-06 9.571093936325932098e-07 9.587190881057245598e-07 8.137249637189488209e-07 6.529672190443714240e-07 6.845725119096669024e-07 7.038654375981766066e-07 4.308463467984444407e-07 7.286280435457333507e-07 3.877844836731912455e-07 3.567500664250886093e-07 2.606365294349480222e-07 1.976537084473133387e-07 3.188085610290460851e-07 2.923453004908052917e-07 2.815212832231157750e-07 3.183156628270495817e-07 3.385055774947613690e-08 1.570477078835533423e-07 -4.083366271588906448e-08 1.943116855304934215e-08 2.852798461682252909e-07 8.566817923790038411e-08 3.951726710785882449e-08 1.036212114438380477e-07 6.626627575079427899e-08 9.082549607106996224e-08 1.170636295589210689e-07 1.655865303577637426e-07 1.575046449421407568e-07 2.652790823852668040e-07 -6.776642674489507702e-08 7.613817521950745615e-09 7.989895704232869393e-08 5.326206304633419211e-08 2.371326688720401359e-07 -1.524424234110571090e-09 -2.712656276253622400e-08 1.785714002596763860e-08 -9.490294629597595884e-08 -1.265977774636967701e-07 -2.355177525757139265e-08 -5.839609039673405069e-08 -1.251987943643556184e-07 -2.918926510694781255e-07
1.031397493510350565e-04 9.513071360853777257e-05 4.365957643314469602e-05 4.332544449979411881e-05 3.733081564845190659e-05 3.418369248619431723e-05 3.173721752580264580e-05 3.356266369967163894e-05 3.047129275585870256e-05 3.014412126087724617e-05 4.165020491253183061e-05 2.552581716174220705e-05 2.280421968172521082e-05 1.906597663189288168e-05 1.876855912522703451e-05 1.578174653212607138e-05 1.465115528181714994e-05 1.242552211493721934e-05 1.127149662280332205e-05 1.112928222393661335e-05 1.064282669965581987e-05 9.189044970716513531e-06 8.721996795853669460e-06 8.441764388556553372e-06 7.879076554567976198e-06 7.821056389011197404e-06 6.450418936360355957e-06 6.635295326403459590e-06 5.720374926176238967e-06 5.821984554361711014e-06 5.042566900205905669e-06 4.539237918948878705e-06 4.330172557432619471e-06 4.207430587584793917e-06 3.563384565394449974e-06 3.235928056503014679e-06 3.358924229877237558e-06 2.931182814103921741e-06 2.764553368672837661e-06 2.343288757174868528e-06 2.377857195733659680e-06 2.250162246177949044e-06 2.069543823940825421e-06 1.828123773201034445e-06 2.040361516302815266e-06 2.135763538715902960e-06 2.029571955696491085e-06 1.561710312706954602e-06 1.629538850303388279e-06 1.862771335370002066e-06 1.450137933010234441e-06 1.522945786187366363e-06 1.472970003597760308e-06 1.479530968113451889e-06 1.475207907668155117e-06 1.529833538958987467e-06 1.218269746280887343e-06 1.172158099979770973e-06 1.012231350226783151e-06 9.279981789159514718e-07 9.214955523604807560e-07 9.407857542879016800e-07 7.782522600234464706e-07 9.536349251504559429e-07 6.395009775009442047e-07 7.289257991622462070e-07 4.746928403811544001e-07 4.041203235427039639e-07 5.449620562433642896e-07 4.957622272259830621e-07 4.743929779765507973e-07 4.844172885821236065e-07 3.782457808231433693e-07 4.503470731374091549e-07 2.574721530746584535e-07 1.213013449708840261e-07 4.241749896656090362e-07 2.804288519097528698e-07 1.963689530273142627e-07 3.146235074446719260e-07 2.920710737835059745e-07 1.632941649464147065e-07 1.057385811196375078e-07 2.270428296254870515e-07 6.984700732836877523e-08 1.908885526004415383e-07 -1.415235448598543832e-07 -5.129709760034444863e-08 -4.278287610160303158e-08 -2.825659220197193427e-08 -2.296496253433706839e-08 -4.366686721582976254e-08 -1.659871011270661769e-07 -7.919091222816634622e-08 -1.292001553218586749e-07 -1.114036830333018855e-08 -1.477292738808581458e-07 -1.260086332329749752e-07 -1.327486500161306248e-07 -1.281327895159089503e-07
8.159652567052744806e-05 7.662857292224621044e-05 3.804395791895033319e-05 3.770395879308949337e-05 3.118648548302313615e-05 2.878597139598631637e-05 2.766399865713758553e-05 2.918727489550477334e-05 2.479048598437416754e-05 2.566611289344809384e-05 2.552581716174220705e-05 3.181182756007592475e-05 2.036933056670310095e-05 1.791927927817584077e-05 1.686543376817001901e-05 1.467495179455019315e-05 1.385289636446666762e-05 1.181839326029072872e-05 1.110986658038153459e-05 1.036224075998584112e-05 1.008226558646412102e-05 8.736845154332378312e-06 8.309907742511065982e-06 7.717709027599149236e-06 6.885372703094835447e-06 6.939216618673678677e-06 6.272373637922425921e-06 5.974302507964737926e-06 5.525453608006290206e-06 5.454481886719342494e-06 4.740968568477128916e-06 3.986536031934219548e-06 3.800713027608143206e-06 3.826300492472207093e-06 3.503824654450937139e-06 2.941306207563970495e-06 3.094238968304079177e-06 2.642698690273261120e-06 2.455723553445497660e-06 2.323569845578306518e-06 2.481951892620458510e-06 2.441139448564821226e-06 1.943145304587825716e-06 2.139932294070577838e-06 1.990750615398381369e-06 1.994364872484612077e-06 1.945787617798036267e-06 1.610158187715222869e-06 1.805344105316527007e-06 1.785699555714576353e-06 1.536686006933552382e-06 1.727994000273857248e-06 1.685931607681803940e-06 1.725827491325233911e-06 1.703859736925089952e-06 1.476658829752626073e-06 1.165819917281927779e-06 1.199353569977554086e-06 1.162806182363654632e-06 8.775248540599596799e-07 8.704868771245324864e-07 1.031227059028151328e-06 8.535633823365881433e-07 1.022468631512289318e-06 7.526129958303521413e-07 7.518480732424839834e-07 5.499506731537461453e-07 6.381865185075661709e-07 6.835357205556920248e-07 6.009953569046168248e-07 5.956408881611138694e-07 5.492657141971665173e-07 3.836672196849696213e-07 6.119429875850217230e-07 3.310972864988772550e-07 3.798245208832290546e-07 4.468988516460210431e-07 3.309887776189527943e-07 2.703629881881846546e-07 4.233488223796914695e-07 3.097621894331039754e-07 2.382461417491437947e-07 3.205890682904943380e-07 2.634291244047996089e-07 1.262105428372256530e-07 3.038040538555576379e-07 1.256548338232735794e-08 -1.962964461870371529e-08 8.791971147588634328e-08 4.459128176947725300e-08 -5.455153069703646863e-08 -4.528992259145252009e-08 4.228817824084208091e-09 1.485258593078329264e-08 -8.151371065224536436e-08 9.936072129634217190e-09 -1.868270377713287733e-08 -4.755949660266743782e-08 -4.018247684991731276e-09 -1.626705739904660398e-07
8.940688898643801591e-05 7.279519729585319488e-05 3.277218443984577872e-05 3.326272309896480755e-05 2.810121860792463708e-05 2.419097163077048396e-05 2.424617842052866472e-05 2.518741437187217729e-05 2.089084145419631066e-05 2.238488685354144488e-05 2.280421968172521082e-05 2.036933056670310095e-05 3.017889240312390957e-05 1.894412910316680687e-05 1.824074546518813256e-05 1.513710979991218329e-05 1.462703262346634602e-05 1.241512063036902983e-05 1.162274952055290899e-05 1.110122432774230448e-05 1.063721332353123337e-05 9.474831559862109424e-06 9.085840043591625402e-06 8.659662831633322961e-06 8.185340615642232087e-06 7.843726339536482618e-06 6.639653879473777949e-06 6.569163138528504980e-06 5.824561826741776727e-06 5.627640390121669822e-06 4.801971435561122663e-06 4.414986326071531751e-06 4.662363878515158741e-06 4.202780960113821944e-06 3.799313882105410231e-06 3.828164714433504417e-06 3.826119952683247318e-06 3.648919059328758594e-06 3.343120991070302288e-06 2.584678510733175813e-06 2.907588032474210244e-06 2.898446611985572232e-06 2.587547358989831959e-06 2.626616073980091387e-06 2.486567027390063304e-06 2.610073094465253835e-06 2.348832168409682810e-06 2.159444676167468036e-06 2.168790825479025886e-06 2.097721330929035822e-06 1.898714253868948928e-06 1.896834282578168855e-06 1.787891150712510291e-06 1.634671955462459882e-06 1.747801957913817497e-06 1.711544367487043466e-06 1.356757689060108649e-06 1.514485269098426388e-06 1.347936022344346906e-06 1.101360109876839383e-06 1.065744875189523902e-06 1.261627714857905324e-06 1.073116835171029846e-06 1.229620780122400541e-06 9.300493829563747115e-07 9.679973900431096832e-07 6.541322544127593856e-07 6.262825218451804399e-07 7.015470202559401851e-07 6.436355727802999227e-07 5.869124332123213455e-07 5.590180709273770655e-07 3.363231453336313059e-07 3.486331317201565119e-07 3.263087585308893970e-07 2.075679908924971095e-07 3.886065862864634597e-07 3.213332498800330989e-07 1.105952468149071161e-07 2.148815875464896057e-07 1.768131799760397946e-07 1.970862406707914827e-07 9.873994111587287018e-08 1.430715577379725385e-07 5.026335183454711008e-09 5.648034541323415636e-08 -5.990823757637886414e-08 2.095434975978153487e-10 -2.791187619270611555e-08 -5.584174507390535127e-08 -8.061641000205727466e-08 -1.451634252233689880e-07 -9.382359407758069050e-08 -1.276479754613208457e-07 -1.416048533712411728e-07 -8.597224430611018527e-08 -1.795700217700379263e-07 -1.786011416944082850e-07 -2.086668976665443563e-07 -2.597512489944025525e-07
6.301655339521903458e-05 6.660593101026152313e-05 3.083960345896936647e-05 2.727993159879211129e-05 2.736082439200828082e-05 2.396770437888314840e-05 2.113881634240381802e-05 2.213773730199936285e-05 1.911351869730336866e-05 1.954438604257916428e-05 1.906597663189288168e-05 1.791927927817584077e-05 1.894412910316680687e-05 2.597148045252475226e-05 1.759967109941077256e-05 1.495554850353255807e-05 1.387578660809956270e-05 1.236061715351528036e-05 1.128205783637033624e-05 1.086440172450289915e-05 1.009824014405646414e-05 9.385908439040618629e-06 8.472662188580734103e-06 8.183020347024176495e-06 7.575296480720424458e-06 7.020794162973156551e-06 6.216258380457850423e-06 5.937759715952644203e-06 5.643644444283095693e-06 5.171057582632871678e-06 4.547476715422776593e-06 4.295400529356661118e-06 4.292928509296873175e-06 3.943211686676045832e-06 3.361171526986065303e-06 3.296817961364948134e-06 3.304533159764006337e-06 3.173444718157422114e-06 2.781594529486900934e-06 2.571575138245395921e-06 2.439569199151355980e-06 2.558034306056016876e-06 2.126472548258604493e-06 2.287907360594505912e-06 2.056396249896475706e-06 2.119140775177411859e-06 2.012887151034794322e-06 1.785485946731429620e-06 1.857746004293245803e-06 1.669114796196284350e-06 1.522189113399089538e-06 1.634392429009898569e-06 1.610003795232057321e-06 1.519837811883120240e-06 1.557927675487209604e-06 1.329287838222216823e-06 9.544631281021638229e-07 1.231721111661037457e-06 9.626128131690562373e-07 7.314061976587831882e-07 7.029491955345462103e-07 1.091634136946466155e-06 7.405448475476577207e-07 7.955803457928960161e-07 5.997411069225400954e-07 6.872182811114422125e-07 4.321044694660154748e-07 5.307507965296224780e-07 5.687730671606160668e-07 4.962343157801020710e-07 3.799567699348341075e-07 4.392625566842041359e-07 3.208698174789957670e-07 4.044296098581884110e-07 3.067134962815604229e-07 1.988810752906322773e-07 2.718475527687775878e-07 3.070269475809349065e-07 2.338284868966710207e-07 3.031200304070633153e-07 2.590126890388978190e-07 3.368212716858762727e-07 2.669377759140028749e-07 2.984093198166609411e-07 2.442721847144688343e-07 2.804193893757823813e-07 2.530703401550330076e-08 6.211038561471913849e-08 1.394293841993953813e-07 1.354128864690918024e-07 8.966112340383944246e-08 1.044431849545950904e-07 1.326299369144026093e-07 8.252115478262640591e-08 -3.589492689391947771e-08 5.146747266576466571e-08 8.645130722436203043e-09 4.794164176576437258e-08 -3.333155856443896800e-08 -9.877854387119132998e-08
8.378993217398195961e-05 5.985816260862680149e-05 3.178422630294463108e-05 2.817090387231681954e-05 2.558606367431027226e-05 2.307050675108527848e-05 2.116200469071654992e-05 2.160953675685829963e-05 1.855952437570208691e-05 1.906954472541969175e-05 1.876855912522703451e-05 1.686543376817001901e-05 1.824074546518813256e-05 1.759967109941077256e-05 2.470688428685134487e-05 1.520734448430612371e-05 1.454843995453425354e-05 1.302479572010569779e-05 1.173440219966388481e-05 1.111503203272740864e-05 1.064722663250974902e-05 9.418799058471879625e-06 8.951599290553285043e-06 8.328423614687892465e-06 7.665161462309973473e-06 7.314412385584108988e-06 6.402755726404917789e-06 6.043914288906911411e-06 5.602458824850101606e-06 5.328121203538644991e-06 4.723880840568991578e-06 4.037499106082497438e-06 4.303337921909752106e-06 4.161456704480628044e-06 3.670234452462742635e-06 3.303167397646956339e-06 3.188388657538285709e-06 3.072882912237103262e-06 2.935783613746372900e-06 2.519432792313384739e-06 2.594152365152393908e-06 2.649737962236293897e-06 2.246649653199656918e-06 2.212464920011988699e-06 2.282404317508763821e-06 2.217943407104007590e-06 2.154192441883397828e-06 2.025433621088279473e-06 1.976060844175713456e-06 1.727777049512103275e-06 1.758122823735033214e-06 1.747042867163983596e-06 1.663786977451360502e-06 1.475476232620214535e-06 1.597810046323724339e-06 1.406826239925146346e-06 1.265064012761417473e-06 1.414589242212670617e-06 1.133636044537359953e-06 9.765989130251349327e-07 8.566603246168570974e-07 1.166725718859232231e-06 9.340741043333462797e-07 9.534961279469230012e-07 8.659620018933193398e-07 9.009937859486494141e-07 5.990343139425377778e-07 5.948366505541684162e-07 7.091590179602123379e-07 7.534418785703772019e-07 6.960237780977576091e-07 5.816725063845868176e-07 5.023899875757709039e-07 5.292127335315434291e-07 5.185289071146522926e-07 3.972130015214319752e-07 5.579665222835160053e-07 4.722488467533396746e-07 3.846246578296860479e-07 4.139740110997404972e-07 4.035505953062507160e-07 3.480895370349739938e-07 2.848286695302436633e-07 3.855133442404253485e-07 2.552521912192389865e-07 2.818097647373934768e-07 1.060645532848589109e-07 1.875803360426443675e-07 1.743059634247421806e-07 1.318644756026157120e-07 1.332030585688995447e-07 3.752985429728041951e-08 9.533880429460766227e-08 -3.844178478825334571e-08 -7.700162519945176773e-08 -3.224407170117634887e-08 -2.717477492454172700e-08 1.769384597103976582e-10 -6.594392263483099061e-08 -1.228110457226369787e-07
